MEME version 4

ALPHABET= ACGT

strands: + -

MOTIF 0_0
letter-probability matrix: alength= 4 w= 12
0.03470382	0.52226686	0.2926746	0.15035473
0.0066672363	0.44926918	0.40473545	0.13932815
0.03897769	0.011881357	0.7965638	0.15257715
0.0031626634	0.80066675	0.15488504	0.04128558
0.007949397	0.024275579	0.7848534	0.18292162
0.0062398496	0.3546457	0.5890247	0.05008975
0.12830156	0.7822891	0.06752714	0.021882212
0.1088982	0.0491495	0.8343448	0.007607488
0.044106334	0.32079664	0.5966322	0.038464826
0.08291307	0.7395504	0.17548509	0.0020514573
0.057782717	0.18616976	0.7156167	0.040430807
0.088554576	0.432943	0.3655868	0.112915635

MOTIF 0_1
letter-probability matrix: alength= 4 w= 12
0.018890504	0.59355503	0.18916146	0.19839303
0.008804171	0.5927857	0.2819899	0.11642021
0.010171809	0.03632789	0.7968202	0.15668006
0.023677237	0.58731514	0.313873	0.07513463
0.040174372	0.21386443	0.6543294	0.09163176
0.09650397	0.42559195	0.34037098	0.13753313
0.014189247	0.6706556	0.21053082	0.10462432
0.040858194	0.15753484	0.7001453	0.101461664
0.012565177	0.5316694	0.34208053	0.11368493
0.034190957	0.2661766	0.5893666	0.110265836
0.019146936	0.9606804	0.012479699	0.007692965
0.0027352765	0.15129498	0.8438328	0.0021369348

MOTIF 0_4
letter-probability matrix: alength= 4 w= 12
0.036584325	0.25164545	0.66561246	0.046157792
0.14163604	0.83229333	0.009658945	0.016411658
0.03701171	0.04094367	0.8295581	0.09248654
0.008462261	0.45576546	0.49474314	0.041029148
0.15710744	0.56688607	0.17044193	0.10556458
0.053252414	0.20591503	0.58389604	0.1569365
0.004786734	0.3549876	0.60295755	0.037268143
0.018292163	0.9634157	0.008889649	0.009402513
0.049662363	0.063595176	0.8437473	0.04299513
0.07419438	0.5012394	0.37439096	0.050175227
0.17676724	0.55295324	0.26044962	0.0098299
0.050004274	0.27728865	0.65048295	0.02222412

MOTIF 0_7
letter-probability matrix: alength= 4 w= 12
0.008718694	0.9112745	0.064706385	0.015300453
0.014531156	0.01572784	0.8401573	0.12958373
0.02068553	0.8815283	0.031797588	0.06598855
0.022566032	0.10428242	0.81989914	0.053252414
0.07137362	0.47029662	0.38558853	0.07274126
0.17779297	0.23121634	0.5299598	0.061030857
0.091802716	0.40148732	0.41114625	0.095563725
0.1372767	0.103171214	0.7072399	0.05231216
0.16035558	0.5579964	0.27250192	0.009146081
0.066415936	0.47798958	0.37849388	0.077100605
0.0048722113	0.47200614	0.43619114	0.086930506
0.03333618	0.22600222	0.67911786	0.06154372

MOTIF 0_8
letter-probability matrix: alength= 4 w= 12
0.042054877	0.89571756	0.0464997	0.01572784
0.042140353	0.094537996	0.797675	0.06564663
0.06838191	0.3663561	0.5311565	0.03410548
0.07829729	0.84562784	0.06325327	0.012821608
0.049918797	0.149329	0.7153603	0.08539192
0.054791007	0.83306265	0.09197367	0.020172665
0.032054022	0.1394991	0.74758524	0.08086161
0.022736985	0.3542183	0.6045816	0.018463116
0.12077955	0.51235145	0.2552355	0.11163347
0.012308745	0.4589281	0.3943072	0.13445593
0.018805025	0.31549704	0.535003	0.13069493
0.08590478	0.39482006	0.4937174	0.02555774

MOTIF 0_9
letter-probability matrix: alength= 4 w= 12
0.10667578	0.40174374	0.4805539	0.011026584
0.095563725	0.0536798	0.75579107	0.09496538
0.0022224123	0.78587914	0.19916232	0.012736131
0.0059834174	0.1811266	0.67997265	0.13291734
0.060859904	0.217369	0.6506539	0.07111719
0.1206086	0.5448329	0.3001966	0.03436191
0.100948796	0.18924694	0.61936915	0.09043508
0.017266434	0.7292931	0.24967946	0.0037610051
0.12240362	0.024275579	0.8460552	0.007265578
0.0929994	0.529276	0.37045902	0.007265578
0.10770151	0.69741005	0.18805026	0.0068381913
0.09240106	0.096162066	0.77527994	0.036156937

MOTIF 0_10
letter-probability matrix: alength= 4 w= 12
0.072313875	0.24061885	0.59492266	0.09214463
0.027951106	0.77750236	0.07034789	0.12419865
0.038037438	0.19070005	0.6888623	0.0824002
0.06333875	0.31498417	0.5107274	0.11094965
0.111804426	0.54149926	0.2559193	0.09077699
0.05795367	0.17437388	0.64561075	0.122061715
0.024275579	0.37960508	0.47089496	0.12522438
0.0034190957	0.95751774	0.022993417	0.01606975
0.00059834175	0.043166082	0.8737499	0.08248568
0.0029917087	0.75297034	0.23036157	0.013676383
0.023164373	0.016839046	0.8360544	0.12394222
0.090606034	0.37644243	0.4052483	0.12770322

MOTIF 0_12
letter-probability matrix: alength= 4 w= 12
0.055474825	0.7584409	0.15625267	0.029831609
0.03188307	0.030857338	0.92768615	0.009573468
0.047354475	0.46645012	0.3864433	0.09975211
0.12984015	0.6726216	0.09103342	0.10650483
0.021796735	0.28600734	0.5505599	0.14163604
0.08257116	0.64475596	0.18873408	0.0839388
0.022395076	0.28481066	0.67168134	0.021112915
0.02854945	0.23831096	0.6775793	0.055560306
0.017180955	0.95179075	0.020258142	0.010770151
0.0068381913	0.44670483	0.42678863	0.11966835
0.009231558	0.32319	0.64629453	0.02128387
0.06453543	0.28532353	0.5376528	0.11248825

MOTIF 0_14
letter-probability matrix: alength= 4 w= 12
0.0536798	0.23472092	0.6274895	0.08410975
0.008034875	0.69142663	0.27626294	0.024275579
0.075562015	0.22711343	0.63560987	0.061714675
0.050773572	0.28780237	0.6554406	0.0059834174
0.016497137	0.9493974	0.014445679	0.0196598
0.0038464826	0.0070091463	0.8763142	0.112830155
0.005470553	0.39482006	0.5198735	0.079835884
0.0075220102	0.5393623	0.36798018	0.08513548
0.005726985	0.33250704	0.5554321	0.106333874
0.013847337	0.49517053	0.41268486	0.07829729
0.006496282	0.60731685	0.30404308	0.082143776
0.01837764	0.30062398	0.6696299	0.011368493

MOTIF 0_16
letter-probability matrix: alength= 4 w= 12
0.025386786	0.9258056	0.031370204	0.017437387
0.05735533	0.12488247	0.7467305	0.07103171
0.07376699	0.26438156	0.61330026	0.048551157
0.09701684	0.7416018	0.12257458	0.038806736
0.011624925	0.028720403	0.9335841	0.026070604
0.10607744	0.42362595	0.3920848	0.078211814
0.08231473	0.4419181	0.3236174	0.15214975
0.06547568	0.2743824	0.52491665	0.13522524
0.0699205	0.30190614	0.5175656	0.11060774
0.011539448	0.91460806	0.04282417	0.031028293
0.09539277	0.04581588	0.79066586	0.06812548
0.058124624	0.38310966	0.51602703	0.042738695

MOTIF 0_18
letter-probability matrix: alength= 4 w= 12
0.083767846	0.26626208	0.5386785	0.111291565
0.0150440205	0.64535433	0.24412343	0.095478244
0.03769553	0.6059492	0.3482349	0.008120352
0.010000855	0.036498845	0.9424737	0.011026584
0.019403368	0.9535858	0.016326182	0.010684674
0.035815027	0.1542867	0.7527994	0.0570989
0.05855201	0.27216002	0.59492266	0.07436533
0.028207539	0.6168903	0.2989999	0.055902213
0.04034533	0.325156	0.57235664	0.062142063
0.11248825	0.39721343	0.4533721	0.036926232
0.037866484	0.4238824	0.5129498	0.025301307
0.10077784	0.7246773	0.14873067	0.025814172

MOTIF 0_21
letter-probability matrix: alength= 4 w= 12
0.091204375	0.26455253	0.470724	0.1735191
0.28711855	0.4771348	0.009402513	0.22634414
0.056842465	0.6044961	0.3072912	0.031370204
0.0937687	0.40507737	0.47508335	0.026070604
0.005470553	0.18121207	0.72493374	0.08838362
0.07616036	0.54346526	0.3588341	0.021540303
0.03572955	0.38174203	0.49841866	0.08410975
0.012650654	0.2249765	0.754167	0.008205829
0.009658945	0.9216172	0.004530302	0.064193524
0.06821096	0.009231558	0.87588686	0.046670657
0.014787588	0.011966835	0.97102314	0.0022224123
0.14266177	0.42063424	0.34917516	0.08752885

MOTIF 0_23
letter-probability matrix: alength= 4 w= 12
0.053936236	0.35148305	0.50226516	0.092315584
0.09308488	0.46474057	0.3882383	0.053936236
0.07402342	0.32011282	0.5515856	0.054278143
0.10453885	0.23130181	0.6534746	0.010684674
0.123172924	0.46824515	0.3259253	0.08265664
0.13565262	0.5732114	0.27002308	0.021112915
0.051200956	0.061030857	0.7720318	0.11573639
0.017010001	0.64672196	0.33037013	0.00589794
0.09009317	0.016924523	0.8366527	0.0563296
0.0929994	0.06256945	0.7195487	0.12488247
0.009317036	0.96640736	0.01666809	0.007607488
0.027609197	0.085819304	0.86708266	0.019488845

MOTIF 0_24
letter-probability matrix: alength= 4 w= 12
0.012479699	0.3531071	0.50884694	0.12556629
0.010513719	0.013847337	0.7559621	0.2196769
0.01675357	0.9508505	0.0147021115	0.01769382
0.03675528	0.06385161	0.856398	0.04299513
0.0714591	0.25395334	0.6252671	0.049320456
0.08351141	0.7501496	0.12650654	0.039832465
0.012736131	0.022993417	0.9511069	0.013163518
0.07667322	0.42123258	0.39652961	0.10556458
0.064108044	0.5701342	0.23070347	0.13505428
0.009317036	0.3157535	0.55662876	0.118300706
0.12454056	0.17189503	0.5561159	0.1474485
0.044106334	0.44456792	0.417728	0.09359774

MOTIF 0_31
letter-probability matrix: alength= 4 w= 12
0.03470382	0.31028292	0.54090095	0.11411232
0.06949312	0.51371914	0.29404223	0.122745536
0.1141978	0.45345756	0.41824088	0.014103769
0.1901872	0.11513805	0.63560987	0.059064876
0.063082315	0.53252417	0.32455766	0.079835884
0.14137961	0.05436362	0.788187	0.01606975
0.120950505	0.4276434	0.3032738	0.14813232
0.0412001	0.79639286	0.13625096	0.02615608
0.017010001	0.010171809	0.9614497	0.011368493
0.010342765	0.95811605	0.013932815	0.017608343
0.06325327	0.14240533	0.73262674	0.061714675
0.092230104	0.22506197	0.6053509	0.07735704

MOTIF 0_33
letter-probability matrix: alength= 4 w= 12
0.044020858	0.7006582	0.20924865	0.046072315
0.011624925	0.10163262	0.8483631	0.03837935
0.015471408	0.8646893	0.0446192	0.0752201
0.015471408	0.18403283	0.6698008	0.13069493
0.081374474	0.3780665	0.5149158	0.025643216
0.060176082	0.799641	0.111291565	0.028891359
0.011881357	0.037524574	0.93059236	0.02000171
0.04581588	0.5228652	0.38020343	0.05111548
0.073852465	0.59902555	0.23241302	0.09470895
0.008462261	0.39020428	0.47961363	0.12171981
0.08274212	0.39234123	0.45456877	0.07034789
0.02752372	0.34712368	0.5301308	0.09522182

MOTIF 0_36
letter-probability matrix: alength= 4 w= 12
0.078724675	0.6422771	0.26147535	0.017522866
0.1383879	0.0042738696	0.8529789	0.004359347
0.088554576	0.6544149	0.21523207	0.041798443
0.14402941	0.34387556	0.47269	0.039405078
0.091204375	0.21403539	0.6157791	0.07898111
0.11633473	0.400718	0.37943414	0.10351312
0.0563296	0.24702966	0.6634755	0.033165228
0.0068381913	0.15932986	0.72228396	0.111548
0.006496282	0.9624754	0.0223096	0.008718694
0.07351056	0.06000513	0.8140012	0.05248312
0.015471408	0.06607402	0.9069151	0.011539448
0.16539875	0.3066074	0.4960253	0.031968545

MOTIF 0_38
letter-probability matrix: alength= 4 w= 12
0.11565091	0.7141636	0.044961106	0.12522438
0.051371913	0.112915635	0.69364905	0.14206342
0.113941364	0.22181383	0.5651765	0.0990683
0.08983674	0.69142663	0.12795965	0.09077699
0.09923925	0.0446192	0.7139072	0.14223439
0.032994274	0.43080604	0.51628345	0.019916233
0.14445679	0.55483377	0.17138217	0.1293273
0.04880759	0.17138217	0.61936915	0.16044106
0.024873922	0.5321822	0.2340371	0.20890674
0.049662363	0.8575092	0.034532867	0.05829558
0.06556116	0.0068381913	0.9209334	0.0066672363
0.023164373	0.9361484	0.022651508	0.01803573

MOTIF 0_39
letter-probability matrix: alength= 4 w= 12
0.027780153	0.5734678	0.31472775	0.08402427
0.035900503	0.3603727	0.4763655	0.12736131
0.02290794	0.25463715	0.620053	0.10240191
0.057782717	0.5982563	0.16514231	0.1788187
0.036584325	0.60047865	0.23540473	0.12753227
0.007180101	0.22412172	0.73442173	0.034276433
0.073852465	0.8509274	0.014787588	0.060432516
0.017266434	0.21010342	0.7622874	0.010342765
0.08111805	0.90153	0.012223267	0.0051286435
0.036498845	0.07359603	0.8385332	0.051371913
0.065732114	0.30122232	0.5227797	0.110265836
0.012992564	0.56209934	0.2718181	0.15309002

MOTIF 0_41
letter-probability matrix: alength= 4 w= 12
0.051286433	0.6044961	0.30823147	0.03598598
0.08539192	0.21531755	0.5911616	0.1081289
0.09248654	0.32575434	0.5232926	0.058466535
0.075476535	0.42097616	0.37259594	0.13095136
0.036498845	0.29882896	0.5596205	0.10505171
0.03077186	0.3485768	0.49739295	0.1232584
0.0321395	0.9160612	0.029831609	0.02196769
0.025301307	0.05376528	0.8691341	0.051799297
0.06094538	0.2707069	0.60158986	0.06675784
0.012821608	0.92982304	0.047781862	0.009573468
0.004359347	0.19078554	0.7224549	0.0824002
0.0058124624	0.020941962	0.7196342	0.25361142

MOTIF 0_42
letter-probability matrix: alength= 4 w= 12
0.051799297	0.32908794	0.5165399	0.102572866
0.04094367	0.43696043	0.3788358	0.1432601
0.029062312	0.025899649	0.6346696	0.31036842
0.10505171	0.4559364	0.3931105	0.045901358
0.14625181	0.8210958	0.027609197	0.005043166
0.052825026	0.118899055	0.8010941	0.02718181
0.02786563	0.359176	0.6075733	0.0053850757
0.12830156	0.3727669	0.3958458	0.103085734
0.05607317	0.68313533	0.12941277	0.13137875
0.008889649	0.22138645	0.7210018	0.048722114
0.06034704	0.86221045	0.0042738696	0.07316865
0.0051286435	0.01145397	0.86622787	0.117189504

MOTIF 0_43
letter-probability matrix: alength= 4 w= 12
0.049320456	0.027694674	0.7708351	0.15214975
0.055132918	0.76809984	0.17027096	0.006496282
0.15898795	0.09368322	0.7433969	0.00393196
0.09197367	0.11479614	0.7664758	0.026754424
0.13146423	0.61526626	0.22215573	0.03111377
0.07650226	0.42063424	0.48901615	0.013847337
0.051030003	0.36071458	0.57945126	0.008804171
0.0752201	0.31959996	0.56432176	0.040858194
0.092315584	0.6007351	0.29293102	0.014018293
0.012821608	0.25429523	0.69920504	0.033678092
0.05145739	0.7347637	0.17369007	0.040088896
0.02393367	0.08829814	0.856398	0.031370204

MOTIF 0_44
letter-probability matrix: alength= 4 w= 12
0.012992564	0.9686298	0.007692965	0.010684674
0.02068553	0.07154458	0.83938795	0.06838191
0.074963674	0.36738184	0.49397385	0.063680656
0.10992392	0.6183435	0.25258568	0.019146936
0.14308916	0.011710403	0.82930166	0.015898794
0.028207539	0.49893153	0.35857767	0.11428327
0.015300453	0.33182323	0.2718181	0.38105822
0.029831609	0.34310624	0.45465425	0.1724079
0.045986835	0.3208821	0.5909052	0.04222583
0.050260708	0.7327122	0.1671083	0.049918797
0.012223267	0.32199332	0.6468929	0.018890504
0.068040006	0.15471408	0.7349346	0.042311307

MOTIF 0_45
letter-probability matrix: alength= 4 w= 12
0.040259853	0.7799812	0.15206428	0.027694674
0.016582614	0.026327036	0.9345243	0.022566032
0.081545435	0.28686213	0.5509018	0.08069066
0.11599282	0.6668946	0.15103856	0.06607402
0.10761604	0.117787845	0.6881785	0.086417645
0.19138388	0.16616805	0.58269936	0.059748698
0.11513805	0.28156254	0.5754338	0.02786563
0.10778699	0.4563638	0.39789724	0.03795196
0.05829558	0.73031884	0.15890247	0.05248312
0.064279	0.011881357	0.8816138	0.04222583
0.09479443	0.61646295	0.27275836	0.015984273
0.0070946235	0.25155997	0.71442	0.026925378

MOTIF 0_47
letter-probability matrix: alength= 4 w= 12
0.23643047	0.017779298	0.6718523	0.073937945
0.095478244	0.6326182	0.19052911	0.081374474
0.09582016	0.1682195	0.6446705	0.091289856
0.067954525	0.16197966	0.6784341	0.09163176
0.04419181	0.8457133	0.07111719	0.03897769
0.0036755279	0.0035045731	0.9482862	0.044533722
0.08163091	0.39678606	0.44020855	0.081374474
0.13659286	0.53030175	0.25617573	0.07692965
0.0741089	0.35686812	0.49910247	0.0699205
0.17463031	0.0073510557	0.8132319	0.004786734
0.17642534	0.79870075	0.0041029146	0.020771006
0.13437046	0.08291307	0.7245064	0.058210105

MOTIF 0_49
letter-probability matrix: alength= 4 w= 12
0.1100094	0.43678948	0.36943328	0.083767846
0.12001026	0.19993162	0.5633815	0.116676636
0.24164459	0.3130182	0.2849816	0.16035558
0.14155056	0.33925977	0.3818275	0.13736217
0.07026242	0.45243183	0.3935379	0.083767846
0.051628344	0.8500727	0.05342337	0.04487563
0.070604324	0.044533722	0.86255234	0.0223096
0.0767587	0.05342337	0.8274211	0.042396788
0.92230105	0.008120352	0.028720403	0.040858194
0.85708183	0.0911189	0.0412001	0.010599197
0.13189161	0.088041715	0.7451919	0.034874775
0.091204375	0.26027864	0.25002137	0.39849558

MOTIF 0_50
letter-probability matrix: alength= 4 w= 12
0.02196769	0.95751774	0.0077784425	0.012736131
0.042653218	0.08069066	0.8432345	0.03342166
0.05376528	0.23839645	0.62355757	0.08428071
0.008547739	0.65569705	0.31737757	0.01837764
0.016924523	0.43465254	0.50833404	0.040088896
0.045132063	0.22249764	0.652107	0.08026327
0.028207539	0.68561417	0.19181126	0.09436704
0.008804171	0.29164886	0.65851784	0.041029148
0.0077784425	0.3111377	0.6128729	0.06821096
0.02786563	0.5333789	0.30720574	0.1315497
0.053936236	0.23181468	0.58098984	0.13325925
0.027267288	0.7216001	0.149329	0.10180357

MOTIF 0_51
letter-probability matrix: alength= 4 w= 12
0.1179588	0.30267546	0.47363022	0.10573553
0.0062398496	0.6680058	0.2313873	0.09436704
0.009317036	0.44661936	0.5250876	0.01897598
0.10573553	0.05470553	0.7890418	0.050517138
0.014787588	0.65535516	0.3031883	0.026668945
0.023762714	0.372425	0.500983	0.1028293
0.010000855	0.2498504	0.66911703	0.07103171
0.0759894	0.80989826	0.030686384	0.08342593
0.009915377	0.058466535	0.9139243	0.01769382
0.022138644	0.04752543	0.91708696	0.013248996
0.10616292	0.62278825	0.26087698	0.010171809
0.05376528	0.32190785	0.5287631	0.095563725

MOTIF 0_52
letter-probability matrix: alength= 4 w= 12
0.043507993	0.42661765	0.41456535	0.115309
0.068980254	0.2030088	0.6242414	0.103769556
0.12009574	0.60022223	0.26301393	0.01666809
0.05231216	0.8494743	0.09539277	0.002820754
0.00948799	0.011197538	0.9605094	0.018805025
0.11864262	0.6684332	0.20582956	0.0070946235
0.05410719	0.048038293	0.7572442	0.14061031
0.096076585	0.64142233	0.20711172	0.05538935
0.039832465	0.011026584	0.750406	0.19873494
0.035216685	0.53602874	0.28822976	0.14052483
0.08334046	0.10342764	0.6986067	0.11462518
0.060261562	0.3074622	0.604838	0.027438242

MOTIF 0_53
letter-probability matrix: alength= 4 w= 12
0.08120352	0.43089154	0.41456535	0.073339604
0.013163518	0.61415505	0.35490212	0.017779298
0.022566032	0.19377725	0.72433543	0.05932131
0.05145739	0.22164288	0.65244895	0.074450806
0.079323016	0.7383537	0.14761946	0.03470382
0.10120523	0.0794085	0.7029661	0.11642021
0.0616292	0.3587486	0.5353449	0.044277288
0.010684674	0.57671595	0.32045475	0.09214463
0.01803573	0.22779725	0.6329601	0.12120694
0.005470553	0.17283529	0.69800836	0.123685785
0.014958544	0.9553808	0.011283016	0.01837764
0.0034190957	0.14599538	0.8453714	0.0052141207

MOTIF 0_55
letter-probability matrix: alength= 4 w= 12
0.075476535	0.43926832	0.4053338	0.07992136
0.074963674	0.45414138	0.37686983	0.09402513
0.017864775	0.0066672363	0.77750236	0.19796564
0.02196769	0.4362766	0.4189247	0.12283101
0.010428241	0.7427985	0.012137789	0.23463544
0.054876484	0.54269594	0.36832207	0.03410548
0.009658945	0.32789126	0.6532182	0.009231558
0.08180186	0.21677066	0.69775194	0.0036755279
0.03709719	0.8503291	0.08257116	0.030002564
0.004530302	0.025643216	0.95982563	0.010000855
0.09522182	0.43029317	0.42465168	0.04983332
0.063680656	0.33977264	0.5293615	0.06718523

MOTIF 0_56
letter-probability matrix: alength= 4 w= 12
0.29164886	0.10223096	0.49277717	0.11334302
0.10026498	0.4030259	0.24215744	0.25455168
0.12821609	0.23643047	0.4850842	0.15026926
0.072313875	0.16009915	0.75408155	0.013505428
0.08385332	0.8590478	0.03872126	0.01837764
0.0536798	0.04256774	0.87511754	0.028634926
0.10770151	0.2620737	0.620053	0.010171809
0.46662107	0.52380544	0.0034190957	0.0061543724
0.11163347	0.3368664	0.5167963	0.03470382
0.0013676382	0.2332678	0.7439952	0.021369347
0.083084024	0.87426275	0.0041029146	0.038550302
0.07419438	0.13693479	0.7803231	0.008547739

MOTIF 0_57
letter-probability matrix: alength= 4 w= 12
0.02068553	0.6144115	0.35438925	0.010513719
0.004359347	0.31592444	0.65501326	0.024702966
0.048636634	0.33797762	0.54662794	0.06675784
0.023848193	0.37114283	0.5209847	0.08402427
0.032224976	0.540559	0.298658	0.128558
0.027438242	0.6074878	0.3153261	0.049747843
0.036840755	0.1674502	0.7192922	0.07641679
0.015642362	0.40285495	0.54115736	0.04034533
0.13086589	0.71433455	0.057526283	0.09727327
0.0098299	0.3843918	0.5617574	0.044020858
0.016582614	0.9312762	0.01735191	0.034789298
0.02624156	0.10590649	0.81818956	0.049662363

MOTIF 0_58
letter-probability matrix: alength= 4 w= 12
0.0062398496	0.5938969	0.37900674	0.020856483
0.06863835	0.0048722113	0.8083597	0.11812975
0.017437387	0.5003846	0.41918114	0.062996835
0.093939655	0.4185828	0.43037868	0.0570989
0.10402598	0.4437986	0.4060176	0.046157792
0.08710146	0.36114198	0.48388752	0.06786905
0.03735362	0.18497308	0.7029661	0.07470724
0.0031626634	0.40422258	0.589794	0.002820754
0.06556116	0.92409605	0.0053850757	0.0049576885
0.028036585	0.63757586	0.27386957	0.060517993
0.02359176	0.0073510557	0.9523036	0.01675357
0.080434225	0.3443884	0.5459441	0.029233268

MOTIF 0_59
letter-probability matrix: alength= 4 w= 12
0.015471408	0.9338405	0.037866484	0.012821608
0.046756133	0.10453885	0.7834858	0.065219246
0.014873066	0.2707069	0.6261219	0.08829814
0.026412513	0.36114198	0.54320884	0.06923669
0.0030771862	0.32267717	0.6477477	0.026497992
0.006496282	0.8448585	0.0021369348	0.14650825
0.0060688946	0.37592956	0.6011625	0.016839046
0.044277288	0.14052483	0.757928	0.057269853
0.08829814	0.31566802	0.5038892	0.09214463
0.14343107	0.084622614	0.6074023	0.16454397
0.13223353	0.5732114	0.24207197	0.05248312
0.084195234	0.16924523	0.66595435	0.08060518

MOTIF 0_61
letter-probability matrix: alength= 4 w= 12
0.077100605	0.6700573	0.16044106	0.09240106
0.0268399	0.038550302	0.8622959	0.072313875
0.024361057	0.32925892	0.5590221	0.08735789
0.013847337	0.9466621	0.0196598	0.019830754
0.04359347	0.07641679	0.7928028	0.08718694
0.016924523	0.5187623	0.39849558	0.065817595
0.11308659	0.4170442	0.35832122	0.111548
0.0097444225	0.25010684	0.5682537	0.17189503
0.057526283	0.36302248	0.48448586	0.09496538
0.06385161	0.7810924	0.10582101	0.04923498
0.022736985	0.018463116	0.9378579	0.020941962
0.06932216	0.42140353	0.39464912	0.11462518

MOTIF 0_63
letter-probability matrix: alength= 4 w= 12
0.1519788	0.39148647	0.37302333	0.08351141
0.091802716	0.44773057	0.33737928	0.12308744
0.06769809	0.65911615	0.26600564	0.007180101
0.01735191	0.027438242	0.93213093	0.023078896
0.019574322	0.9023848	0.061714675	0.016326182
0.0075220102	0.20967604	0.7266433	0.056158647
0.08573382	0.23506282	0.5863749	0.092828445
0.042140353	0.55141467	0.3413967	0.06504829
0.07906659	0.21642876	0.59184545	0.1126592
0.010599197	0.3958458	0.5553466	0.038208395
0.074450806	0.7289512	0.14257629	0.054021712
0.018805025	0.037866484	0.90375245	0.03957603

MOTIF 0_64
letter-probability matrix: alength= 4 w= 12
0.09864091	0.3470382	0.45046586	0.10385503
0.078810155	0.6721087	0.19958971	0.04949141
0.008034875	0.29549533	0.56868106	0.1277887
0.016582614	0.07163005	0.8726387	0.039148644
0.12607916	0.48722112	0.32951534	0.057184376
0.05504744	0.29130694	0.5673989	0.086246684
0.013505428	0.81220615	0.010513719	0.16377468
0.0786392	0.1848876	0.62928456	0.10718865
0.084708095	0.29130694	0.5685101	0.055474825
0.09077699	0.20967604	0.67963076	0.019916233
0.10505171	0.8660569	0.004359347	0.02453201
0.010257287	0.027352765	0.94580734	0.016582614

MOTIF 0_65
letter-probability matrix: alength= 4 w= 12
0.014445679	0.6432174	0.14787589	0.19446106
0.009060604	0.3754167	0.50628257	0.10924011
0.011283016	0.16727926	0.74271303	0.078724675
0.034618344	0.7118557	0.14283273	0.110693224
0.032310452	0.29190528	0.55722713	0.11855714
0.0022224123	0.20523122	0.7081802	0.08436619
0.02359176	0.85220957	0.028720403	0.095478244
0.04812377	0.21865116	0.67740834	0.055816736
0.02196769	0.22301051	0.74544835	0.009573468
0.1542867	0.8228908	0.01735191	0.005470553
0.046414223	0.34883323	0.57722884	0.02752372
0.06761262	0.25002137	0.6744166	0.007949397

MOTIF 0_66
letter-probability matrix: alength= 4 w= 12
0.10847081	0.34310624	0.48260534	0.065817595
0.17967348	0.8106676	0.0052141207	0.0044448245
0.13291734	0.015642362	0.84930336	0.0021369348
0.07043337	0.30498332	0.5244893	0.10009403
0.104709804	0.5010685	0.3259253	0.06829643
0.09573468	0.45961192	0.37003163	0.07462176
0.029318744	0.5630396	0.37900674	0.028634926
0.16240704	0.017864775	0.80810326	0.011624925
0.089580305	0.3191726	0.5342337	0.05701342
0.11112061	0.36507395	0.4680742	0.05573126
0.052568596	0.81844604	0.09094794	0.038037438
0.0029062312	0.052910507	0.9250363	0.019146936

MOTIF 0_67
letter-probability matrix: alength= 4 w= 12
0.106932215	0.17121121	0.5705616	0.15129498
0.009573468	0.5270536	0.4317463	0.031626634
0.055560306	0.805368	0.10129071	0.037781008
0.01897598	0.040516283	0.9155483	0.024959398
0.010599197	0.4022566	0.57705784	0.010086332
0.036156937	0.31635183	0.6140696	0.03342166
0.05145739	0.395162	0.4623472	0.09103342
0.04820925	0.84648263	0.08607573	0.019232413
0.016155226	0.011624925	0.9629883	0.009231558
0.057526283	0.35114112	0.5316694	0.059663218
0.117702365	0.3443884	0.46149245	0.07641679
0.15599623	0.14009744	0.5435507	0.16035558

MOTIF 0_68
letter-probability matrix: alength= 4 w= 12
0.0268399	0.36421916	0.48371655	0.12522438
0.014787588	0.42174545	0.41371056	0.14975639
0.031284723	0.32148048	0.51696724	0.13026755
0.015813317	0.27121976	0.62355757	0.08940935
0.014360202	0.9568339	0.01606975	0.012736131
0.026583469	0.10932558	0.8197282	0.044362765
0.089665785	0.26113343	0.5561159	0.09308488
0.05504744	0.3958458	0.42225832	0.12684844
0.061030857	0.19864945	0.6212497	0.11907001
0.021027438	0.64449954	0.097700655	0.23677237
0.021027438	0.937687	0.026583469	0.0147021115
0.03307975	0.07308317	0.8446876	0.0491495

MOTIF 0_69
letter-probability matrix: alength= 4 w= 12
0.068980254	0.3788358	0.42593384	0.1262501
0.027438242	0.92059153	0.033250704	0.018719548
0.040088896	0.13394307	0.77382684	0.05214121
0.01675357	0.9441833	0.020429097	0.018634072
0.0053850757	0.16300538	0.7284383	0.103171214
0.05769724	0.33353278	0.54654247	0.06222754
0.024104625	0.4861099	0.3595179	0.13026755
0.01145397	0.5081631	0.38763997	0.09274297
0.09368322	0.5399607	0.30532524	0.061030857
0.02162578	0.13830242	0.828105	0.011966835
0.023762714	0.5467134	0.35028633	0.07923754
0.022651508	0.42097616	0.45166254	0.104709804

MOTIF 0_71
letter-probability matrix: alength= 4 w= 12
0.15138046	0.29976922	0.4714933	0.07735704
0.058210105	0.18916146	0.661766	0.09086247
0.06949312	0.85503036	0.028122062	0.047354475
0.047012564	0.29968372	0.64099497	0.012308745
0.11308659	0.036926232	0.84511495	0.0048722113
0.034190957	0.9240106	0.018292163	0.023506282
0.059064876	0.14300367	0.7380118	0.05991965
0.05008975	0.26104796	0.59842724	0.09043508
0.103769556	0.41277033	0.3705445	0.112915635
0.079323016	0.82511324	0.04581588	0.049747843
0.06094538	0.120437644	0.73288316	0.08573382
0.034020003	0.3822549	0.46345842	0.12026669

MOTIF 0_76
letter-probability matrix: alength= 4 w= 12
0.013248996	0.46790323	0.43832806	0.080519706
0.038806736	0.2000171	0.6674929	0.09368322
0.040858194	0.84212327	0.028720403	0.08829814
0.063082315	0.1753996	0.6926233	0.06889477
0.009402513	0.7230533	0.02555774	0.2419865
0.021796735	0.06684332	0.7935721	0.117787845
0.0040174373	0.784597	0.20822293	0.0031626634
0.025899649	0.057782717	0.88793916	0.028378494
0.057868194	0.6332165	0.20044449	0.10847081
0.14770493	0.35661167	0.38994786	0.10573553
0.08291307	0.2514745	0.5756902	0.08992221
0.08778528	0.3142149	0.47918627	0.118813574

MOTIF 0_77
letter-probability matrix: alength= 4 w= 12
0.096076585	0.4321737	0.41977948	0.051970255
0.12385674	0.77263016	0.044961106	0.05855201
0.03863578	0.1394991	0.7218566	0.10000855
0.043678947	0.5233781	0.34156767	0.09137533
0.053936236	0.35823575	0.5269681	0.060859904
0.06000513	0.30045304	0.6212497	0.018292163
0.010342765	0.9467476	0.022566032	0.020343618
0.051371913	0.08410975	0.8214377	0.043080606
0.0268399	0.27498075	0.64449954	0.0536798
0.16232157	0.7870758	0.028976835	0.02162578
0.08000684	0.22010428	0.6517651	0.04812377
0.032310452	0.206086	0.656039	0.10556458

MOTIF 0_78
letter-probability matrix: alength= 4 w= 12
0.030429952	0.28549448	0.6262928	0.057782717
0.089580305	0.47380117	0.30669287	0.12992564
0.04880759	0.4673904	0.38661423	0.097187795
0.021454826	0.19514488	0.60184634	0.18155397
0.0025643217	0.7080947	0.21942046	0.0699205
0.07137362	0.30600905	0.60099155	0.02162578
0.011881357	0.3274639	0.6532182	0.007436533
0.07898111	0.75373966	0.08009232	0.08718694
0.00948799	0.034874775	0.911189	0.04444824
0.043507993	0.36199674	0.54756814	0.046927087
0.044790152	0.81271905	0.090691514	0.051799297
0.01341995	0.042311307	0.8916147	0.052654073

MOTIF 0_80
letter-probability matrix: alength= 4 w= 12
0.068980254	0.39276862	0.39576033	0.1424908
0.0150440205	0.26062056	0.6818532	0.042482264
0.06325327	0.87990427	0.0060688946	0.050773572
0.042311307	0.10248739	0.8165655	0.03863578
0.16864689	0.04325156	0.63082314	0.1572784
0.06915121	0.49192238	0.3701171	0.0688093
0.10624839	0.29310197	0.48320368	0.11744594
0.034447387	0.6909992	0.18659714	0.087956235
0.015300453	0.3017352	0.6783486	0.004615779
0.05436362	0.28985384	0.5694504	0.086332165
0.13026755	0.81109494	0.01145397	0.04718352
0.018292163	0.12795965	0.8272502	0.026497992

MOTIF 0_81
letter-probability matrix: alength= 4 w= 12
0.021711258	0.22677152	0.47115138	0.28036585
0.002820754	0.8357979	0.116078295	0.045303017
0.030258996	0.06598855	0.8654586	0.038293872
0.00589794	0.44627747	0.474485	0.073339604
0.019574322	0.34002906	0.5609881	0.0794085
0.027694674	0.20574409	0.64390117	0.122660056
0.046328746	0.8725532	0.0009402513	0.08017779
0.041456535	0.23608856	0.6237285	0.098726384
0.0036755279	0.5841525	0.34712368	0.06504829
0.019061457	0.18505855	0.73861015	0.057269853
0.0053850757	0.49465767	0.4967946	0.0031626634
0.009317036	0.5525259	0.25420976	0.18394734

MOTIF 0_84
letter-probability matrix: alength= 4 w= 12
0.031199249	0.9213608	0.02222412	0.02521583
0.0491495	0.16368921	0.6932216	0.093939655
0.019146936	0.13411403	0.7934866	0.053252414
0.12958373	0.62159157	0.200359	0.04846568
0.063595176	0.6332165	0.27583554	0.027352765
0.015471408	0.027267288	0.9201641	0.03709719
0.07735704	0.53748184	0.27891272	0.10624839
0.010513719	0.37422	0.5228652	0.09240106
0.12180528	0.17856227	0.6903154	0.009317036
0.06325327	0.6581759	0.22061715	0.05795367
0.020856483	0.40610307	0.5618429	0.011197538
0.09368322	0.21018891	0.6385161	0.057611763

MOTIF 0_85
letter-probability matrix: alength= 4 w= 12
0.07889563	0.52542955	0.31959996	0.076074876
0.11248825	0.007692965	0.78895634	0.09086247
0.111804426	0.66561246	0.2117275	0.010855629
0.1376186	0.24275579	0.5883409	0.031284723
0.119497396	0.20514573	0.6589452	0.016411658
0.123172924	0.84331995	0.024104625	0.009402513
0.0066672363	0.020771006	0.9349517	0.03761005
0.07923754	0.23651594	0.63270366	0.051542867
0.17514317	0.7552782	0.022822464	0.046756133
0.11206086	0.07274126	0.7642534	0.050944526
0.15856056	0.012907086	0.68116933	0.14736302
0.19266604	0.3549876	0.32583982	0.12650654

MOTIF 0_87
letter-probability matrix: alength= 4 w= 12
0.11479614	0.16386016	0.580306	0.1410377
0.10265835	0.623814	0.24036242	0.033165228
0.10129071	0.2767758	0.5753483	0.04658518
0.092230104	0.33772117	0.52235234	0.047696386
0.16693735	0.7456193	0.034618344	0.052825026
0.055902213	0.12539533	0.7059578	0.11274468
0.068040006	0.44439694	0.41781348	0.06974955
0.040687237	0.8102402	0.14599538	0.0030771862
0.031199249	0.038293872	0.9230704	0.007436533
0.11624925	0.85964614	0.0196598	0.0044448245
0.1296692	0.41695872	0.4415762	0.01179588
0.02555774	0.03017352	0.81306094	0.1312078

MOTIF 0_91
letter-probability matrix: alength= 4 w= 12
0.15736388	0.15873152	0.56526196	0.11864262
0.012650654	0.67877597	0.28669116	0.021882212
0.07504915	0.018890504	0.7722882	0.13377212
0.038208395	0.23788358	0.6643303	0.05957774
0.0419694	0.82964355	0.058210105	0.07017694
0.008120352	0.008804171	0.967946	0.015129498
0.034020003	0.37533122	0.53551584	0.055132918
0.14796136	0.49329004	0.2767758	0.081972815
0.094537996	0.2849816	0.54645693	0.07402342
0.049405932	0.2884007	0.59988034	0.062313017
0.116163775	0.8654586	0.0062398496	0.012137789
0.055474825	0.066415936	0.76527905	0.112830155

MOTIF 0_92
letter-probability matrix: alength= 4 w= 12
0.077100605	0.7986153	0.0075220102	0.11676212
0.081374474	0.27275836	0.6386871	0.007180101
0.07744252	0.44567913	0.4173006	0.05957774
0.043080606	0.39986324	0.53252417	0.02453201
0.11052227	0.20856483	0.5714164	0.10949654
0.122745536	0.6832208	0.07778443	0.11624925
0.014189247	0.1402684	0.7633131	0.08222925
0.01735191	0.15539789	0.60552186	0.22172835
0.002820754	0.83648175	0.15873152	0.00196598
0.008975126	0.025472263	0.956492	0.009060604
0.09676041	0.52722454	0.2623301	0.11368493
0.08282759	0.2449782	0.5616719	0.11052227

MOTIF 0_93
letter-probability matrix: alength= 4 w= 12
0.0536798	0.2707069	0.6488589	0.026754424
0.01307804	0.94768786	0.019916233	0.01931789
0.034618344	0.16753569	0.70980424	0.088041715
0.01803573	0.035473116	0.93751603	0.008975126
0.062142063	0.79117876	0.10573553	0.04094367
0.020941962	0.10342764	0.8581075	0.017522866
0.12787418	0.40499187	0.41447988	0.052654073
0.14129412	0.11300111	0.65279084	0.092913926
0.07641679	0.383708	0.4555945	0.08428071
0.05607317	0.35037184	0.48713565	0.106419355
0.02060005	0.54380715	0.3440465	0.09154629
0.07804086	0.2577998	0.63800323	0.02615608

MOTIF 0_94
letter-probability matrix: alength= 4 w= 12
0.15898795	0.01538593	0.81340283	0.012223267
0.0321395	0.68399006	0.26344132	0.020429097
0.073937945	0.3784084	0.47653645	0.07111719
0.011368493	0.3613984	0.6134712	0.01376186
0.092230104	0.8377639	0.06658689	0.0034190957
0.007265578	0.017180955	0.9642705	0.011283016
0.02786563	0.45952645	0.48175058	0.030857338
0.099837594	0.5836396	0.27891272	0.03761005
0.0491495	0.27916917	0.5725276	0.09915377
0.086332165	0.28523806	0.53004533	0.09838448
0.08915292	0.8375075	0.025899649	0.04743995
0.027096333	0.20941961	0.6109069	0.15257715

MOTIF 0_96
letter-probability matrix: alength= 4 w= 12
0.059150353	0.46491152	0.44815797	0.027780153
0.026754424	0.45927003	0.42627576	0.0876998
0.059406787	0.2989999	0.54637146	0.09522182
0.0147021115	0.3178904	0.5269681	0.14043935
0.010599197	0.94802976	0.014958544	0.026412513
0.026925378	0.09368322	0.83964443	0.03974699
0.05111548	0.3323361	0.55927855	0.057269853
0.06444995	0.8075049	0.117189504	0.010855629
0.013505428	0.02461749	0.9484571	0.01341995
0.07180101	0.52748096	0.32378834	0.07692965
0.10684674	0.14864518	0.5865459	0.15796222
0.027010856	0.40405163	0.5021797	0.06675784

MOTIF 0_97
letter-probability matrix: alength= 4 w= 12
0.07308317	0.6657834	0.17642534	0.084708095
0.106932215	0.027010856	0.7576716	0.10838533
0.073852465	0.49465767	0.27609196	0.15539789
0.058039147	0.81870246	0.048551157	0.07470724
0.014531156	0.17104027	0.7848534	0.029575177
0.18711	0.76844174	0.03513121	0.009317036
0.012907086	0.17625438	0.7138217	0.09701684
0.049918797	0.26574922	0.56731343	0.11701855
0.0016240705	0.73057526	0.14770493	0.12009574
0.0024788443	0.034874775	0.7831439	0.17950252
0.0070946235	0.5077357	0.2895974	0.19557227
0.070689805	0.2955808	0.49722198	0.13650739

MOTIF 0_99
letter-probability matrix: alength= 4 w= 12
0.08872553	0.5039747	0.3448158	0.062483974
0.0052141207	0.3917429	0.5192751	0.083767846
0.007265578	0.06530473	0.72946405	0.19796564
0.0563296	0.29652107	0.49465767	0.15249166
0.14445679	0.8192153	0.03350714	0.002820754
0.04000342	0.20138474	0.6586888	0.09992307
0.02060005	0.63646466	0.29917088	0.043764424
0.009146081	0.16539875	0.8140012	0.01145397
0.06342422	0.19950423	0.6926233	0.04444824
0.11103513	0.88093	0.004359347	0.0036755279
0.027352765	0.14847423	0.76433885	0.059834175
0.04299513	0.2858364	0.5591076	0.11206086

MOTIF 0_100
letter-probability matrix: alength= 4 w= 12
0.013676383	0.9459783	0.024959398	0.01538593
0.0031626634	0.029746132	0.86853576	0.09855543
0.008376785	0.13248995	0.8536627	0.005470553
0.004615779	0.43208823	0.4608941	0.10240191
0.0052995984	0.33789212	0.5135482	0.1432601
0.0669288	0.80211985	0.011624925	0.119326435
0.01606975	0.2120694	0.6698008	0.102060005
0.052825026	0.27190357	0.612531	0.06274041
0.098299	0.18232328	0.64048207	0.07889563
0.122660056	0.32148048	0.48405847	0.07180101
0.11240277	0.62902814	0.15847509	0.10009403
0.059663218	0.20420548	0.6472348	0.08889648

MOTIF 0_101
letter-probability matrix: alength= 4 w= 12
0.13343021	0.3750748	0.40046158	0.09103342
0.014018293	0.2760065	0.6955295	0.014445679
0.02393367	0.58475083	0.23685785	0.15445764
0.008975126	0.31746304	0.5381656	0.13539618
0.010257287	0.28549448	0.63937086	0.06487734
0.014616634	0.9175998	0.01606975	0.05171382
0.039148644	0.111291565	0.7965638	0.052995984
0.017779298	0.29096505	0.6600564	0.031199249
0.017010001	0.9368322	0.027096333	0.019061457
0.053936236	0.16163775	0.7763057	0.008120352
0.08453714	0.3088298	0.52713907	0.07949398
0.09043508	0.50970167	0.236345	0.16351825

MOTIF 0_102
letter-probability matrix: alength= 4 w= 12
0.021112915	0.8975126	0.05855201	0.022822464
0.015129498	0.12402769	0.8063937	0.0544491
0.07017694	0.78784513	0.06598855	0.0759894
0.051286433	0.34643987	0.50482947	0.09744423
0.036156937	0.23873836	0.6604838	0.064620905
0.02786563	0.9038379	0.04812377	0.020172665
0.005726985	0.2941277	0.6912557	0.008889649
0.04128558	0.17283529	0.70749635	0.07838277
0.08445166	0.5092743	0.2779725	0.12830156
0.018292163	0.47628003	0.41353962	0.0918882
0.06684332	0.32165143	0.55637234	0.055132918
0.038208395	0.39234123	0.4416617	0.1277887

MOTIF 0_104
letter-probability matrix: alength= 4 w= 12
0.11590734	0.07667322	0.63612276	0.17129669
0.09026413	0.3380631	0.53466105	0.03701171
0.14043935	0.8023763	0.048380204	0.008804171
0.10522267	0.24369605	0.59902555	0.05205573
0.016326182	0.01572784	0.8056244	0.16232157
0.021882212	0.26327038	0.5903069	0.12454056
0.014616634	0.39806822	0.5713309	0.015984273
0.0464997	0.8554577	0.025643216	0.07239935
0.011283016	0.0048722113	0.9741858	0.009658945
0.00555603	0.107017696	0.76117617	0.1262501
0.13693479	0.38216943	0.39037526	0.09052056
0.111804426	0.3017352	0.57372427	0.012736131

MOTIF 0_107
letter-probability matrix: alength= 4 w= 12
0.011026584	0.96042395	0.014189247	0.014360202
0.039063167	0.052910507	0.86332166	0.044704676
0.079750404	0.3039576	0.5962048	0.020087186
0.11248825	0.32036927	0.43260106	0.1345414
0.15172237	0.40011966	0.37302333	0.07513463
0.118899055	0.3590905	0.44217455	0.079835884
0.13300282	0.34045646	0.43260106	0.093939655
0.13052398	0.2797675	0.5817591	0.007949397
0.18736644	0.016155226	0.75177366	0.044704676
0.018634072	0.4078981	0.5057697	0.06769809
0.012308745	0.95264554	0.019574322	0.015471408
0.045046587	0.063680656	0.81075305	0.080519706

MOTIF 0_110
letter-probability matrix: alength= 4 w= 12
0.08761433	0.03077186	0.6561245	0.22548936
0.02846397	0.5956919	0.34122574	0.034618344
0.11898453	0.42661765	0.44550815	0.008889649
0.08120352	0.3323361	0.5416702	0.044790152
0.07436533	0.19565775	0.7018549	0.028122062
0.02453201	0.7763057	0.14086674	0.05829558
0.045303017	0.7657065	0.03436191	0.1546286
0.00589794	0.18967433	0.6786905	0.12573725
0.00786392	0.9639285	0.02060005	0.007607488
0.0438499	0.19446106	0.75698775	0.0047012563
0.050004274	0.24403796	0.66219336	0.043764424
0.059663218	0.48457134	0.3655013	0.09026413

MOTIF 0_111
letter-probability matrix: alength= 4 w= 12
0.04547397	0.33327636	0.5161125	0.10513719
0.13189161	0.7557056	0.021198394	0.091204375
0.037524574	0.17565604	0.71433455	0.07248483
0.008205829	0.2964356	0.69022995	0.0051286435
0.05205573	0.4827763	0.4237969	0.04137106
0.007265578	0.7716899	0.19599965	0.025044875
0.0688093	0.38054535	0.4975639	0.05308146
0.01572784	0.005043166	0.956492	0.022736985
0.012736131	0.8658005	0.108043425	0.01341995
0.048893068	0.38729805	0.48713565	0.07667322
0.0669288	0.45696214	0.36832207	0.10778699
0.04000342	0.36156937	0.58552015	0.012907086

MOTIF 0_114
letter-probability matrix: alength= 4 w= 12
0.10334217	0.3142149	0.54842293	0.034020003
0.1081289	0.12471151	0.72142917	0.045730405
0.051970255	0.8306693	0.0661595	0.051200956
0.00786392	0.017864775	0.9588854	0.01538593
0.0123942215	0.23395161	0.62441236	0.12924181
0.011368493	0.6317634	0.32113856	0.03572955
0.040687237	0.5043166	0.37345073	0.081545435
0.0097444225	0.025130354	0.95324385	0.011881357
0.08351141	0.7485255	0.1054791	0.062483974
0.04393538	0.18993077	0.66219336	0.10394051
0.058039147	0.29053766	0.5850927	0.066330455
0.1107787	0.38088727	0.42097616	0.08735789

MOTIF 0_115
letter-probability matrix: alength= 4 w= 12
0.07094623	0.5044021	0.34037098	0.08428071
0.0393196	0.027780153	0.78810155	0.1447987
0.043080606	0.48645183	0.38276777	0.0876998
0.013248996	0.8257116	0.008889649	0.15214975
0.0123942215	0.11035131	0.76656127	0.110693224
0.027780153	0.46978375	0.41294128	0.08949483
0.045046587	0.3641337	0.5556885	0.03513121
0.057611763	0.28634927	0.6291136	0.026925378
0.11377041	0.83767843	0.044106334	0.0044448245
0.006581759	0.008205829	0.97666466	0.008547739
