MEME version 4

ALPHABET= ACGT

strands: + -

MOTIF 0_0
letter-probability matrix: alength= 4 w= 12
0.107880645	0.59869933	0.27990308	0.01351696
0.46595258	0.046799287	0.44542208	0.041826066
0.03149707	0.6372099	0.12356542	0.20772763
0.033409845	0.8216016	0.08684009	0.058148433
0.36636063	0.5595511	0.04985973	0.024228513
0.007013517	0.041060954	0.011349145	0.9405764
0.23208365	0.00051007397	0.48890588	0.27850038
0.0016577403	0.29188982	0.6592706	0.04718184
0.049094617	0.65404236	0.028309105	0.26855394
0.0	0.041826066	0.7406274	0.21754654
0.18311656	0.03532262	0.3786024	0.40295842
0.035450142	0.09806172	0.7163989	0.15008926

MOTIF 0_1
letter-probability matrix: alength= 4 w= 12
0.08143444	0.14643258	0.037168473	0.7349645
0.6391483	0.04818827	0.031378407	0.28128502
0.0754576	0.11094509	0.3696302	0.44396713
0.0022413149	0.056032874	0.4262234	0.51550245
0.032872617	0.07695181	0.30070975	0.5894658
0.0022413149	0.9051177	0.044452745	0.04818827
0.044452745	0.004109077	0.25345537	0.6979828
0.8812103	0.08012701	0.0072842734	0.031378407
0.21964887	0.039970115	0.66305566	0.07732537
0.7267464	0.053791557	0.04258498	0.1768771
0.18304072	0.36589465	0.19032499	0.26073962
0.510833	0.2642884	0.08236832	0.14251028

MOTIF 0_2
letter-probability matrix: alength= 4 w= 12
0.42222652	0.26900697	0.2340962	0.074670285
0.40477115	0.021722265	0.04635376	0.52715284
0.05430566	0.25290924	0.66873544	0.02404965
0.48700544	0.17823894	0.234872	0.09988363
0.070597365	0.19181536	0.7141195	0.023467805
0.0647789	0.88595814	0.03743212	0.011830877
0.9699379	0.027734678	0.0015515904	0.0007757952
0.008921645	0.20170675	0.019976726	0.7693949
0.0015515904	0.7548487	0.24088441	0.002715283
0.21334368	0.6101629	0.10861132	0.067882076
0.03685027	0.021528317	0.2973235	0.6442979
0.019976726	0.65884405	0.15418929	0.16698991

MOTIF 0_3
letter-probability matrix: alength= 4 w= 12
0.0068240752	0.974205	0.016104817	0.0028661117
0.16691688	0.68240756	0.15040262	0.00027296302
0.3941586	0.48505527	0.1033165	0.017469633
0.014603522	0.6100723	0.17674355	0.1985806
0.17906374	0.61293846	0.053773712	0.1542241
0.016650744	0.97079295	0.010236113	0.0023201855
0.06578409	0.75392383	0.107274465	0.073017605
0.07260816	0.571721	0.27132523	0.08434557
0.0010918521	0.7958237	0.068240754	0.13484372
0.13361539	0.10031391	0.48969564	0.27637506
0.8176607	0.121605024	0.059505936	0.0012283336
0.08120649	0.0738365	0.5865975	0.2583595

MOTIF 0_4
letter-probability matrix: alength= 4 w= 12
0.23123957	0.111728735	0.51083934	0.14619233
0.0	0.40003705	0.0037057626	0.59625715
0.00037057625	0.9823976	0.016490644	0.0007411525
0.1356309	0.0	0.0011117287	0.86325735
0.12821938	0.35686493	0.51435983	0.00055586436
0.13248101	0.23179545	0.63516766	0.00055586436
0.52140075	0.08245321	0.38799334	0.008152678
0.13285159	0.2666296	0.4789698	0.12154901
0.0007411525	0.0011117287	0.99129146	0.0068556606
0.0050027794	0.6088568	0.04558088	0.34055957
0.5567908	0.027052065	0.11321104	0.3029461
0.24698907	0.43172133	0.24365388	0.07763572

MOTIF 0_5
letter-probability matrix: alength= 4 w= 12
0.8150706	0.06609105	0.11255887	0.006279435
0.055416014	0.7200942	0.20078494	0.023704866
0.3091052	0.07645212	0.006122449	0.60832024
0.37409732	0.59136575	0.03453689	0.0
0.8354788	0.0018838304	0.15651491	0.006122449
0.37974882	0.0006279435	0.588854	0.03076923
0.07472528	0.41522762	0.4500785	0.059968602
0.17080063	0.06640502	0.22370486	0.5390895
0.4524333	0.015698588	0.51208794	0.01978022
0.24254318	0.16263737	0.5930926	0.0017268446
0.2310832	0.54835165	0.008477237	0.21208791
0.29262167	0.6896389	0.015541601	0.0021978023

MOTIF 0_6
letter-probability matrix: alength= 4 w= 12
0.25684884	0.69586986	0.03379224	0.013489083
0.25976914	0.7015714	0.009873453	0.028785983
0.0045890696	0.007370324	0.38186622	0.6061744
0.34598804	0.53135866	0.011542206	0.11111111
0.3151161	0.61604786	0.014601585	0.05423446
0.76790434	0.117507994	0.06688917	0.047698513
0.07578918	0.3494646	0.32248643	0.25225976
0.013071896	0.321513	0.24322069	0.42219442
0.102211095	0.00027812543	0.0018078153	0.89570296
0.49436796	0.4890836	0.0051453207	0.0114031425
0.050479766	0.751634	0.13781115	0.060075093
0.01585315	0.27103323	0.42956474	0.2835489

MOTIF 0_7
letter-probability matrix: alength= 4 w= 12
0.22666411	0.097360365	0.26052028	0.41545525
0.1306427	0.40091813	0.33550113	0.13293803
0.047054324	0.7320199	0.07421576	0.14671002
0.1331293	0.35367253	0.009181331	0.5040168
0.04074216	0.5233359	0.43362662	0.0022953327
0.73355013	0.0	0.0038255546	0.26262432
0.11591431	0.5225708	0.31694722	0.04456771
0.51511097	0.021423107	0.042846214	0.42061973
0.004399388	0.9942617	0.0013389442	0.0
0.28423873	0.00019127774	0.68190515	0.033664882
0.20026779	0.046289213	0.5679036	0.18553941
0.8179036	0.01855394	0.15493497	0.008607498

MOTIF 0_8
letter-probability matrix: alength= 4 w= 12
0.7443385	0.010876043	0.14302741	0.10175805
0.026072705	0.05989273	0.17565554	0.738379
0.0138557805	0.1659714	0.6848927	0.1352801
0.3204708	0.019070322	0.53441596	0.1260429
0.023837902	0.18087009	0.007896305	0.7873957
0.0016388558	0.16209774	0.80154943	0.034713946
0.48018473	0.028009536	0.363528	0.1282777
0.5952026	0.097586416	0.29380214	0.01340882
0.08417759	0.0022348033	0.8784267	0.035160907
0.115017876	0.6987485	0.08954112	0.09669249
0.43608463	0.34594756	0.02592372	0.1920441
0.11904053	0.3615912	0.5032777	0.016090585

MOTIF 0_9
letter-probability matrix: alength= 4 w= 12
0.0023212628	0.18910554	0.17130919	0.637264
0.42324358	0.00030950172	0.51810586	0.05834107
0.20334262	0.68539155	0.10770659	0.0035592695
0.59114826	0.011606314	0.36629528	0.03095017
0.07907768	0.7157227	0.07489941	0.13030022
0.21138966	0.3341071	0.04317549	0.41132775
0.037759207	0.0133085735	0.20194986	0.74698234
0.18090375	0.11142062	0.38703188	0.32064375
0.004178273	0.961467	0.024605386	0.009749304
0.15753637	0.03265243	0.45620552	0.3536057
0.038997214	0.95171773	0.00077375426	0.0085112965
0.5368307	0.02553389	0.14685856	0.29077685

MOTIF 0_10
letter-probability matrix: alength= 4 w= 12
0.02252678	0.34829867	0.38043478	0.24873976
0.062066793	0.38201007	0.5541903	0.0017328293
0.00078764965	0.02126654	0.026622558	0.9513233
0.100346565	0.102394454	0.7963138	0.0009451796
0.55702585	0.20888469	0.20699432	0.027095148
0.0011027096	0.53544426	0.26118463	0.20226844
0.006301197	0.3936673	0.23204158	0.36798993
0.21817896	0.7362949	0.036389414	0.009136736
0.096880905	0.1521739	0.6666667	0.08427852
0.21093258	0.06411468	0.6877757	0.037177064
0.009294266	0.92422813	0.030718336	0.035759293
0.0014177694	0.76244485	0.23534971	0.00078764965

MOTIF 0_11
letter-probability matrix: alength= 4 w= 12
0.12068965	0.82286257	0.042040624	0.01440718
0.0007085498	0.9194615	0.077704296	0.0021256495
0.32120925	0.12942843	0.12045347	0.42890882
0.118091635	0.8568729	0.012045347	0.012990081
0.032357108	0.55030704	0.3391592	0.07817666
0.09234766	0.81577706	0.013226263	0.07864903
0.020784128	0.0070854984	0.0	0.97213036
0.058809638	0.35829005	0.54558337	0.03731696
0.027633443	0.8209731	0.022673594	0.12871988
0.39891356	0.26712328	0.3261691	0.007794048
0.031648558	0.03897024	0.4636278	0.46575344
0.00047236655	0.041568257	0.60675484	0.35120454

MOTIF 0_12
letter-probability matrix: alength= 4 w= 12
0.012205317	0.6433707	0.021401104	0.3230229
0.7279719	0.007858218	0.13158335	0.13258652
0.056177896	0.19428189	0.43387392	0.3156663
0.019561946	0.1681993	0.76893497	0.043303795
0.008527002	0.3843839	0.12439392	0.4826952
0.73566294	0.082929276	0.09162348	0.08978432
0.11252299	0.784317	0.0050158836	0.09814412
0.45343587	0.0142116705	0.36014044	0.172212
0.0020063533	0.0	0.2631667	0.7348269
0.5682996	0.21417823	0.039792676	0.17772947
0.30797526	0.44842	0.18709245	0.05651229
0.115699716	0.11887644	0.026751379	0.73867244

MOTIF 0_13
letter-probability matrix: alength= 4 w= 12
0.1071483	0.20667581	0.62902	0.057155922
0.6799268	0.008992531	0.20347507	0.10760555
0.0039628106	0.11720774	0.8689224	0.009907027
0.008840116	0.11720774	0.73494893	0.1390032
0.07437891	0.8480415	0.0070111263	0.07056851
0.057918	0.76497483	0.13412589	0.042981252
0.0025910684	0.25468677	0.63389724	0.10882487
0.11888432	0.8204542	0.0140222525	0.04663923
0.07849413	0.02530102	0.8680079	0.028196922
0.26886144	0.00975461	0.71223897	0.009144948
0.18046029	0.4025301	0.37966773	0.03734187
0.0032007317	0.83615303	0.15668343	0.0039628106

MOTIF 0_14
letter-probability matrix: alength= 4 w= 12
0.05460993	0.92387706	0.019385343	0.0021276595
0.16737589	0.1855792	0.30141845	0.34562647
0.08439716	0.66312057	0.22695035	0.025531914
0.75602835	0.043026004	0.20094563	0.0
0.04751773	0.76903075	0.16217494	0.021276595
0.13829787	0.0607565	0.3744681	0.42647755
0.009219858	0.6061466	0.0021276595	0.38250592
0.006146572	0.10520095	0.87990546	0.008747045
0.011583924	0.61276597	0.28699765	0.088652484
0.11134752	0.0678487	0.39976358	0.42104018
0.009929078	0.5541371	0.25933805	0.17659575
0.0	0.0059101656	0.0023640662	0.99172574

MOTIF 0_15
letter-probability matrix: alength= 4 w= 12
0.2543763	0.15092257	0.2925406	0.30216053
0.10108816	0.07033591	0.7929349	0.035641067
0.2550071	0.013247122	0.40592965	0.32581612
0.25248384	0.030752247	0.6582558	0.05850812
0.0063081533	0.0011039268	0.9708248	0.02176313
0.06812806	0.049992114	0.80003154	0.081848286
0.013247122	0.97760606	0.0048888186	0.0042580036
0.0052042264	0.0	0.9839142	0.010881565
0.036744993	0.00015770383	0.9045892	0.05850812
0.09146822	0.0063081533	0.8910267	0.011196972
0.24601798	0.16164643	0.52058035	0.071755245
0.042422332	0.74357355	0.1403564	0.07364769

MOTIF 0_16
letter-probability matrix: alength= 4 w= 12
0.26400915	0.1470348	0.12694004	0.46201602
0.1073354	0.31187713	0.07155693	0.5092305
0.43375266	0.4476393	0.03365463	0.08495344
0.053422645	0.34569514	0.109459236	0.49142298
0.034471493	0.0	0.041333117	0.9241954
0.028426727	0.01470348	0.04247672	0.91439307
0.0040843	0.021074988	0.063061595	0.9117791
0.8260088	0.09949355	0.01061918	0.063878454
0.39503348	0.0694331	0.22349289	0.3120405
0.3494527	0.533573	0.036431957	0.08054239
0.10602843	0.14148015	0.6067636	0.14572783
0.097533084	0.24456789	0.061754614	0.59614444

MOTIF 0_17
letter-probability matrix: alength= 4 w= 12
0.01534625	0.6516401	0.25800884	0.07500479
0.120084405	0.11452139	0.15883368	0.6065605
0.004795703	0.08920008	0.89411086	0.011893343
0.41780165	0.007673125	0.56033	0.014195281
0.06215231	0.10588913	0.51122195	0.32073662
0.38212162	0.02973336	0.588145	0.0
0.0	0.00920775	0.9391905	0.051601764
0.3197775	0.042777672	0.6359102	0.001534625
0.64013046	0.35718396	0.00019182812	0.0024937657
0.34567428	0.029349703	0.56090546	0.06407059
0.89372724	0.041243047	0.030117014	0.034912717
0.10109342	0.5281028	0.3573758	0.013427968

MOTIF 0_18
letter-probability matrix: alength= 4 w= 12
0.0016252234	0.83373964	0.114740774	0.04989436
0.0014627011	0.03120429	0.5774419	0.38989112
0.011376564	0.22119291	0.73638874	0.031041767
0.0705347	0.57857955	0.19681457	0.15407118
0.13733138	0.7029092	0.111165285	0.04859418
0.31821877	0.56850314	0.025841054	0.087437026
0.08711198	0.44839916	0.40175524	0.06273363
0.12627986	0.0032504469	0.84609133	0.024378352
0.10807736	0.4493743	0.43881035	0.003738014
0.027628798	0.20055258	0.77181864	0.0
0.05135706	0.076548025	0.81261176	0.059483178
0.034779783	0.04794409	0.036242485	0.88103366

MOTIF 0_19
letter-probability matrix: alength= 4 w= 12
0.2039086	0.029170858	0.56890357	0.19801696
0.024572495	0.9682426	0.0061790487	0.0010058916
0.19715476	0.710878	0.048426498	0.04354074
0.027302774	0.58198017	0.38180774	0.008909326
0.059347607	0.3388418	0.45135796	0.15045266
0.025578387	0.265268	0.70412415	0.005029458
0.0028739762	0.8588878	0.049719788	0.08851846
0.2283374	0.675097	0.0964219	0.00014369881
0.0011495905	0.45739332	0.50280213	0.03865498
0.0	0.0035924702	0.06380227	0.93260527
0.11697083	0.32447192	0.16252334	0.3960339
0.04009197	0.5174594	0.42707285	0.0153757725

MOTIF 0_20
letter-probability matrix: alength= 4 w= 12
0.16526987	0.6004023	0.18035534	0.053972512
0.14146832	0.58498156	0.21488434	0.05866577
0.0015085484	0.8089172	0.0015085484	0.18806571
0.020449212	0.039389875	0.3729467	0.5672142
0.028494803	0.006537043	0.8729467	0.09202146
0.14884345	0.056654375	0.0033523298	0.79114985
0.21957761	0.7388535	0.0035199465	0.038048945
0.39540732	0.17046598	0.27304727	0.16107945
0.004358029	0.5253101	0.45357022	0.01676165
0.023801543	0.012738854	0.2531009	0.7103587
0.052296344	0.53419375	0.0035199465	0.40998995
0.005531344	0.7004693	0.020281596	0.27371773

MOTIF 0_21
letter-probability matrix: alength= 4 w= 12
0.017059995	0.030423656	0.6713108	0.28120556
0.007392664	0.43801534	0.2802104	0.27438158
0.013221496	0.7443844	0.23670742	0.005686665
0.48208702	0.22007392	0.23642309	0.061415978
0.088569805	0.08203014	0.60378164	0.22561842
0.38996303	0.3815752	0.2031561	0.025305659
0.049331818	0.8448962	0.101649135	0.004122832
0.30693772	0.030850157	0.6435883	0.018623827
0.22632925	0.37773672	0.19476826	0.20116577
0.005260165	0.75405174	0.23741825	0.0032698323
0.0039806655	0.009809497	0.5845891	0.4016207
0.0046914984	0.06980381	0.0035541656	0.9219505

MOTIF 0_22
letter-probability matrix: alength= 4 w= 12
0.50690377	0.22489782	0.21153209	0.0566663
0.18170772	0.07500276	0.3910306	0.35225892
0.016790014	0.24500166	0.6575721	0.080636255
0.013476196	0.5125373	0.05014912	0.4238374
0.0068485583	0.0061857947	0.8017232	0.18524246
0.01071468	0.13586657	0.8172981	0.036120623
0.18192865	0.46294045	0.009389153	0.34574175
0.06406716	0.29272065	0.10747819	0.535734
0.16425495	0.111233845	0.3296145	0.39489672
0.77267206	0.14702308	0.0029824367	0.07732243
0.04650392	0.37689164	0.004639346	0.5719651
0.04970728	0.041533194	0.8165249	0.09223462

MOTIF 0_23
letter-probability matrix: alength= 4 w= 12
0.026932301	0.9632909	0.0033204206	0.0064563733
0.5174322	0.05570928	0.13724405	0.28961447
0.0750784	0.011621472	0.9123778	0.00092233904
0.5897436	0.1237779	0.2733813	0.0130972145
0.041689724	0.7422985	0.21453607	0.0014757424
0.20457481	0.42888767	0.01844678	0.34809077
0.0807969	0.5661317	0.1082826	0.24478878
0.07655414	0.8031728	0.03117506	0.089097954
0.104777716	0.6779192	0.102379635	0.11492345
0.14019553	0.8312119	0.019553589	0.009038922
0.023611879	0.79044455	0.102564104	0.08337945
0.10108836	0.037446965	0.07747648	0.7839882

MOTIF 0_24
letter-probability matrix: alength= 4 w= 12
0.0733563	0.2707436	0.028280219	0.62761986
0.06689636	0.015360322	0.91659486	0.0011484353
0.22365777	0.00014355441	0.25495264	0.5212461
0.20284238	0.14714327	0.64728683	0.0027275337
0.7327017	0.06503015	0.063451044	0.13881712
0.0068906117	0.072494976	0.90410566	0.016508756
0.010335918	0.07062877	0.80562735	0.113407984
0.42707437	0.402383	0.12891185	0.04163078
0.38544357	0.6053689	0.006029285	0.003158197
0.010192363	0.0061728396	0.5769452	0.40668964
0.17499283	0.2279644	0.45836923	0.13867356
0.0018662073	0.3598909	0.6092449	0.02899799

MOTIF 0_25
letter-probability matrix: alength= 4 w= 12
0.0036162923	0.8195661	0.02264941	0.15416825
0.010848877	0.94290066	0.033117626	0.013132852
0.035782263	0.33536354	0.2679863	0.36086792
0.2179292	0.120479636	0.10601447	0.5555767
0.013513514	0.013513514	0.004377617	0.9685954
0.044156834	0.47030833	0.47106966	0.014465169
0.176437	0.15968786	0.6343738	0.029501332
0.078987435	0.07308717	0.673582	0.17434336
0.26893795	0.21869051	0.45774648	0.05462505
0.040921204	0.17472401	0.4786829	0.30567187
0.032546632	0.014845831	0.052531406	0.90007615
0.028930338	0.068899885	0.52417207	0.37799773

MOTIF 0_26
letter-probability matrix: alength= 4 w= 12
0.023429036	0.34195557	0.33166304	0.30295232
0.007854821	0.15222102	0.0032502708	0.8366739
0.0065005417	0.9158992	0.07096425	0.0066359695
0.058640305	0.003385699	0.31067172	0.6273023
0.17890033	0.657909	0.11633261	0.046858072
0.12472914	0.0	0.14721018	0.72806066
0.34317443	0.014490791	0.14111593	0.50121886
0.19068256	0.36985373	0.0025731311	0.43689057
0.17713976	0.17578548	0.496208	0.15086673
0.02369989	0.5625677	0.04374323	0.36998916
0.49444744	0.019772481	0.42619178	0.0595883
0.1366468	0.028710727	0.78412783	0.050514627

MOTIF 0_27
letter-probability matrix: alength= 4 w= 12
0.5677899	0.14776143	0.23160893	0.05283974
0.101408005	0.030216739	0.6511628	0.21721247
0.52143645	0.10536308	0.3700364	0.0031640562
0.83942413	0.0055370987	0.10915995	0.045878816
0.1517165	0.06866002	0.6733112	0.10631229
0.038601488	0.80003166	0.15662079	0.0047460846
0.08163265	0.06328113	0.8535042	0.0015820281
0.0039550704	0.81221324	0.18367347	0.00015820282
0.47017878	0.258187	0.056478404	0.21515583
0.78974843	0.028318305	0.18098402	0.0009492169
0.41749722	0.16737857	0.41132733	0.0037968676
0.0011074197	0.2466382	0.5361493	0.21610504

MOTIF 0_28
letter-probability matrix: alength= 4 w= 12
0.44598386	0.29515958	0.018589968	0.24026658
0.65099967	0.18993336	0.07330761	0.08575938
0.08225184	0.6759032	0.1659067	0.07593827
0.015433181	0.96282005	0.021746755	0.0
0.021220624	0.42686775	0.0077165905	0.544195
0.0	0.38582954	0.0036829184	0.6104875
0.36425814	0.08663627	0.5429674	0.006138197
0.040862855	0.14573833	0.59242374	0.2209751
0.71466154	0.011574886	0.013328657	0.26043493
0.006839705	0.15906699	0.40091196	0.43318135
0.040336724	0.82357067	0.005261312	0.13083129
0.19817609	0.09259909	0.005787443	0.7034374

MOTIF 0_29
letter-probability matrix: alength= 4 w= 12
0.5303544	0.113405235	0.081972264	0.2742681
0.27765793	0.097842835	0.12865947	0.49583974
0.082280435	0.013867488	0.23097073	0.67288136
0.055932205	0.00385208	0.078582436	0.8616333
0.054083206	0.5016949	0.00077041605	0.44345146
0.5736518	0.108474575	0.31448382	0.0033898305
0.43651772	0.15423729	0.0055469954	0.403698
0.035901386	0.17488444	0.5989214	0.19029276
0.44175655	0.006933744	0.23559321	0.31571648
0.0006163328	0.99306625	0.0050847456	0.0012326656
0.5661017	0.07673343	0.3302003	0.02696456
0.13898306	0.28767335	0.5719569	0.0013867489

MOTIF 0_30
letter-probability matrix: alength= 4 w= 12
0.2294365	0.23902439	0.019175777	0.5123633
0.00016820859	0.21396132	0.73389405	0.05197645
0.048948698	0.1116905	0.7384357	0.10092515
0.035155594	0.7507149	0.037678722	0.1764508
0.0005046257	0.13355762	0.14079058	0.7251472
0.014297729	0.013456686	0.02842725	0.94381833
0.43885618	0.48309505	0.021026073	0.05702271
0.012615643	0.30260724	0.6432296	0.04154752
0.10883095	0.35845247	0.40487805	0.12783852
0.005214466	0.24810766	0.08057191	0.666106
0.014297729	0.06963835	0.19310345	0.7229605
0.28259042	0.24171573	0.035323802	0.44037005

MOTIF 0_31
letter-probability matrix: alength= 4 w= 12
0.07958199	0.2636656	0.3381029	0.31864953
0.0024115755	0.009163987	0.0051446944	0.98327976
0.018167203	0.19501607	0.012700965	0.77411574
0.21157557	0.76720256	0.021061093	0.0001607717
0.35707396	0.6	0.037942123	0.004983923
0.24099678	0.68279743	0.06028939	0.015916398
0.17411576	0.14678456	0.42122185	0.25787783
0.6336013	0.105787784	0.035369776	0.22524115
0.08199357	0.57524115	0.01977492	0.32299036
0.14919615	0.2879421	0.55659163	0.0062700966
0.030707395	0.26093248	0.12508039	0.5832797
0.48536977	0.46977493	0.023311896	0.021543408

MOTIF 0_32
letter-probability matrix: alength= 4 w= 12
0.15662347	0.0062900996	0.62888414	0.20820229
0.0060384953	0.60863	0.039501823	0.34582967
0.0006290099	0.89961004	0.09938357	0.00037740596
0.03497295	0.11460561	0.15347843	0.696943
0.15549126	0.6939238	0.027676437	0.12290854
0.09711914	0.038872816	0.5757957	0.28821236
0.06579444	0.023524972	0.67278904	0.23789155
0.04755315	0.8804881	0.062397785	0.009560951
0.0011322179	0.91596425	0.08164549	0.0012580198
0.0069191093	0.6244811	0.15549126	0.21310857
0.1327211	0.05812052	0.64901245	0.16014592
0.0028934458	0.3667128	0.57780856	0.05258523

MOTIF 0_33
letter-probability matrix: alength= 4 w= 12
0.45342237	0.5048414	0.03672788	0.0050083473
0.3951586	0.1148581	0.15108514	0.33889815
0.75559264	0.0	0.0	0.24440734
0.19532554	0.44958264	0.0	0.3550918
0.3078464	0.12888147	0.19966611	0.363606
0.00016694491	0.0098497495	0.5312187	0.4587646
0.5420701	0.008681135	0.0025041737	0.44674456
0.2327212	0.29616028	0.27679467	0.19432387
0.06711185	0.42153588	0.41252086	0.098831385
0.12103506	0.40984976	0.032554258	0.43656093
0.015025042	0.00033388982	0.0045075123	0.98013353
0.0031719531	0.9956594	0.0	0.0011686144

MOTIF 0_34
letter-probability matrix: alength= 4 w= 12
0.10216895	0.48287672	0.14821157	0.26674277
0.2956621	0.014649924	0.37309742	0.31659058
0.040525112	0.7969939	0.05194064	0.11054034
0.00304414	0.011605784	0.0043759514	0.98097414
0.00761035	0.018645357	0.0028538813	0.9708904
0.0072298325	0.54718417	0.020738203	0.42484778
0.0003805175	0.8065069	0.012747336	0.1803653
0.041856926	0.017123288	0.21480213	0.7262176
0.0019025875	0.2928082	0.22564688	0.4796423
0.0	0.08124049	0.09836377	0.82039577
0.0013318113	0.21232876	0.04452055	0.74181885
0.045091324	0.24562405	0.017313546	0.69197106

MOTIF 0_35
letter-probability matrix: alength= 4 w= 12
0.2091131	0.0018307567	0.53010577	0.25895035
0.11879577	0.3598454	0.4100895	0.111269325
0.048616763	0.07811229	0.6482913	0.22497965
0.29943043	0.58807975	0.011594793	0.10089504
0.008950366	0.034987796	0.94894224	0.0071196095
0.28478438	0.18348251	0.52990234	0.0018307567
0.11899918	0.014035801	0.8618796	0.005085435
0.86635476	0.08868999	0.0	0.04495525
0.25305125	0.6293735	0.036208298	0.08136696
0.020545159	0.036004882	0.93287224	0.010577706
0.062652566	0.51708704	0.3598454	0.06041497
0.6950773	0.14564687	0.07689178	0.08238405

MOTIF 0_36
letter-probability matrix: alength= 4 w= 12
0.001694628	0.8820539	0.11625148	0.0
0.39112014	0.058973055	0.39467886	0.15522793
0.14370446	0.6146416	0.17471614	0.066937804
0.0364345	0.054736484	0.2423318	0.66649723
0.21420099	0.7147941	0.06405694	0.006947975
0.015421115	0.054905947	0.09472971	0.83494323
0.1786138	0.60854095	0.19894934	0.01389595
0.007625826	0.23385867	0.7408914	0.017624132
0.041857313	0.44805965	0.4843247	0.025758347
0.001694628	0.10540587	0.89103544	0.0018640908
0.1991188	0.51448905	0.28486696	0.0015251653
0.043382477	0.67903745	0.27639383	0.0011862396

MOTIF 0_37
letter-probability matrix: alength= 4 w= 12
0.090695575	0.6220416	0.28039747	0.006865402
0.629991	0.054019872	0.1506775	0.16531165
0.011562782	0.012827462	0.9616983	0.013911473
0.89033425	0.0106594395	0.07226739	0.026738934
0.10551039	0.034869015	0.5723577	0.2872629
0.035411023	0.6137308	0.17434508	0.1765131
0.005781391	0.43450767	0.0	0.5597109
0.26251128	0.46395665	0.013550135	0.25998193
0.71833783	0.24083108	0.025293587	0.015537488
0.78139114	0.019512195	0.060885277	0.13821138
0.59566396	0.0009033424	0.4034327	0.0
0.15374887	0.08852755	0.70442635	0.0532972

MOTIF 0_38
letter-probability matrix: alength= 4 w= 12
0.18431701	0.09069346	0.3209153	0.40407422
0.57471746	0.36723873	0.054974187	0.0030696248
0.05985768	0.35691363	0.57360125	0.00962746
0.042974744	0.014929539	0.6898284	0.25226733
0.0079531185	0.6475513	0.27989396	0.064601645
0.0023719827	0.25087205	0.11706432	0.62969166
0.0011162271	0.93623555	0.048416354	0.014231896
0.42793357	0.03557974	0.35412306	0.18236361
0.05832287	0.06320636	0.7115948	0.16687596
0.12152923	0.5412306	0.26510394	0.07213618
0.000697642	0.016882936	0.77814984	0.20426957
0.017580578	0.029998604	0.16129482	0.791126

MOTIF 0_39
letter-probability matrix: alength= 4 w= 12
0.002473087	0.06720977	0.1389293	0.79138786
0.15682282	0.19115508	0.035205122	0.616817
0.08975851	0.30782658	0.3424498	0.2599651
0.036659878	0.70686644	0.061099797	0.19537388
0.34390455	0.007419261	0.47628745	0.17238872
0.21995927	0.57404715	0.025603725	0.18038988
0.8708176	0.020075647	0.07390166	0.035205122
0.08888566	0.04917079	0.71952283	0.14242071
0.05557172	0.0002909514	0.6003782	0.3437591
0.19624673	0.68839103	0.10401513	0.011347105
0.090485886	0.15551353	0.4378819	0.31611872
0.017020658	0.08975851	0.00814664	0.8850742

MOTIF 0_40
letter-probability matrix: alength= 4 w= 12
0.13959286	0.0012463648	0.68743944	0.17172137
0.12491345	0.52388865	0.005677884	0.34552002
0.0019387896	0.025619721	0.7328625	0.239579
0.36532336	0.5826063	0.037529428	0.014540922
0.21395929	0.03088215	0.73050827	0.024650326
0.672483	0.050547015	0.23971748	0.03725246
0.049162164	0.22933112	0.48137376	0.24013294
0.64589393	0.33568758	0.0038775792	0.014540922
0.23071596	0.48206618	0.13280709	0.15441075
0.004431519	0.0006924249	0.9897521	0.005123944
0.004431519	0.31449938	0.3971749	0.2838942
0.087799475	0.5704196	0.13017587	0.21160504

MOTIF 0_41
letter-probability matrix: alength= 4 w= 12
0.0254298	0.74068767	0.20558739	0.02829513
0.23424068	0.68159026	0.03133954	0.05282951
0.01683381	0.0	0.29781517	0.685351
0.2670129	0.67657596	0.03169771	0.024713468
0.017908309	0.5829155	0.048352435	0.3508238
0.26719198	0.012535817	0.21472064	0.5055516
0.003939828	0.70881087	0.25161174	0.035637535
0.05032235	0.0	0.035637535	0.9140401
0.02363897	0.54584527	0.34885386	0.08166189
0.027399713	0.8467049	0.10046562	0.0254298
0.011998568	0.0028653296	0.10744986	0.87768626
0.12965617	0.2999642	0.543159	0.027220631

MOTIF 0_42
letter-probability matrix: alength= 4 w= 12
0.0052396166	0.0016613419	0.26747605	0.725623
0.125623	0.86734825	0.006773163	0.00025559106
0.041789137	0.34900957	0.10798722	0.5012141
0.01201278	0.274377	0.36447284	0.34913737
0.12485623	0.07003195	0.5518211	0.25329074
0.07961661	0.3910543	0.42709264	0.10223642
0.00025559106	0.8659425	0.033865813	0.099936105
0.10108626	0.869393	0.027603833	0.0019169329
0.0005111821	0.982492	0.016741214	0.00025559106
0.17546326	0.011884984	0.6348882	0.17776358
0.0063897762	0.56715655	0.20613419	0.2203195
0.0005111821	0.6374441	0.07041533	0.2916294

MOTIF 0_43
letter-probability matrix: alength= 4 w= 12
0.025641026	0.09677419	0.40467328	0.4729115
0.008478081	0.52295285	0.049007446	0.41956162
0.03453267	0.9026055	0.010132341	0.05272953
0.7696443	0.0	0.012820513	0.21753515
0.13751034	0.31472293	0.54776675	0.0
0.4987593	0.20554177	0.29052937	0.0051695616
0.42204303	0.14205955	0.13709678	0.29880065
0.9015716	0.014888338	0.08354012	0.0
0.64330024	0.10215054	0.21401985	0.040529363
0.09222498	0.12076096	0.77998346	0.007030604
0.009511993	0.4032258	0.5217122	0.065550044
0.9170802	0.0020678246	0.037427627	0.04342432

MOTIF 0_44
letter-probability matrix: alength= 4 w= 12
0.5844915	0.13732627	0.08162365	0.19655856
0.20306641	0.20383851	0.52702403	0.06607103
0.38638872	0.20979483	0.39808074	0.005735716
0.18619016	0.012905361	0.67714536	0.1237591
0.28810942	0.15949702	0.023053166	0.5293404
0.09861019	0.18023384	0.023714978	0.697441
0.09177145	0.099272005	0.098168984	0.71078753
0.14449592	0.82472974	0.015993822	0.014780498
0.03264946	0.92841387	0.00198544	0.036951248
0.1339069	0.0056254137	0.34072357	0.5197441
0.29450694	0.16754909	0.52801675	0.0099272
0.5255901	0.019413192	0.00198544	0.45301124

MOTIF 0_45
letter-probability matrix: alength= 4 w= 12
0.0	0.1340429	0.0023282887	0.8636288
0.07018127	0.67387325	0.24247465	0.013470814
0.0051554963	0.00016630633	0.23232995	0.76234823
0.107101284	0.8779312	0.014136039	0.0008315317
0.09030434	0.45518044	0.031099284	0.42341593
0.0054881093	0.0063196407	0.03874938	0.94944286
0.09346416	0.28238815	0.6189922	0.0051554963
0.001995676	0.24763013	0.45069018	0.29968402
0.11092632	0.3909862	0.0036587394	0.49442872
0.14185931	0.6226509	0.22966905	0.005820722
0.046399467	0.5626143	0.0026609013	0.3883253
0.058872443	0.22467986	0.24995843	0.4664893

MOTIF 0_46
letter-probability matrix: alength= 4 w= 12
0.47959787	0.29760498	0.21244825	0.010348906
0.07214666	0.5310467	0.2371378	0.15966883
0.0039917207	0.15079835	0.39296275	0.4522472
0.10304554	0.13985807	0.0035481963	0.7535482
0.03991721	0.6867238	0.24083382	0.032525133
0.0010348907	0.90892965	0.032820817	0.057214666
0.005174453	0.013157895	0.17267889	0.80898875
0.003696038	0.24526908	0.28784743	0.46318746
0.25295684	0.722945	0.0038438793	0.020254288
0.000295683	0.8465405	0.14488469	0.008279125
0.3635423	0.08988764	0.159521	0.38704908
0.005765819	0.89015377	0.037551746	0.06652868

MOTIF 0_47
letter-probability matrix: alength= 4 w= 12
0.05485384	0.86232406	0.011909058	0.070913024
0.21039335	0.22915915	0.5534103	0.0070371707
0.0007217611	0.021472393	0.572537	0.40526885
0.7140022	0.05990617	0.048538435	0.17755324
0.6160231	0.31414652	0.05918441	0.010645976
0.12865391	0.37333092	0.46300974	0.035005413
0.3579935	0.050342835	0.16780946	0.4238542
0.3284013	0.068025984	0.44153735	0.16203536
0.12775171	0.080656804	0.5465536	0.2450379
0.0005413208	0.19740166	0.090581015	0.711476
0.004150126	0.63767594	0.32280764	0.035366293
0.037351135	0.051966798	0.8957055	0.014976542

MOTIF 0_48
letter-probability matrix: alength= 4 w= 12
0.794535	0.0193503	0.17661546	0.009499238
0.1261874	0.17403542	0.63222706	0.06755014
0.012431101	0.049255308	0.9216606	0.016652985
0.011492905	0.64196086	0.08033306	0.2662132
0.078808494	0.85094404	0.025096752	0.045150697
0.1796646	0.13545209	0.046323445	0.6385599
0.09335054	0.05042805	0.3399789	0.5162425
0.22786443	0.6384426	0.116336346	0.017356632
0.011962003	0.10507799	0.33517063	0.5477894
0.037762403	0.6289434	0.3076111	0.025683124
0.21777882	0.0874868	0.2850944	0.40963995
0.04362613	0.21613698	0.10202885	0.63820803

MOTIF 0_49
letter-probability matrix: alength= 4 w= 12
0.011371127	0.017468689	0.014831905	0.9563283
0.3716216	0.08783784	0.31723797	0.22330257
0.32152274	0.34558338	0.27653262	0.05636124
0.10003296	0.3582729	0.05009888	0.49159527
0.085365854	0.4555043	0.0932762	0.36585367
0.23862888	0.025379037	0.15903099	0.5769611
0.33750823	0.06822676	0.52471983	0.06954516
0.6544166	0.030652603	0.19759394	0.11733685
0.90210944	0.09640738	0.0013183915	0.00016479894
0.041858934	0.015161503	0.22725774	0.71572185
0.49719843	0.11700725	0.02504944	0.3607449
0.026038233	0.906559	0.067073174	0.00032959788

MOTIF 0_50
letter-probability matrix: alength= 4 w= 12
0.105403766	0.5825137	0.28026715	0.03181542
0.0042501516	0.26581663	0.7125683	0.017364906
0.077838495	0.12519732	0.66448087	0.1324833
0.46205223	0.44335154	0.074924104	0.019672131
0.6553734	0.040680025	0.25743777	0.046508804
0.034001213	0.5129326	0.07067395	0.38239223
0.012264724	0.25306618	0.10613236	0.62853676
0.25962356	0.12446873	0.2852459	0.3306618
0.7922283	0.12021858	0.0859745	0.0015786279
0.028536733	0.46484518	0.03460838	0.47200972
0.11369156	0.17562234	0.68333334	0.027352763
0.4274742	0.011323619	0.5379781	0.023224045

MOTIF 0_51
letter-probability matrix: alength= 4 w= 12
0.84549975	0.10733195	0.04395957	0.0032087278
0.7006257	0.0012834911	0.117439434	0.18065137
0.33258462	0.6021178	0.025669822	0.039627787
0.0051339646	0.7814856	0.00096261833	0.21241778
0.70046526	0.21899568	0.034814697	0.04572437
0.047328733	0.9379111	0.0003208728	0.014439275
0.37879032	0.0059361462	0.0054548373	0.6098187
0.64126426	0.22669661	0.012353602	0.119685546
0.36900368	0.27482754	0.20840687	0.14776191
0.4360661	0.1984598	0.051820952	0.31365314
0.053585753	0.6918017	0.09016525	0.1644473
0.20166855	0.33611423	0.12497994	0.3372373

MOTIF 0_52
letter-probability matrix: alength= 4 w= 12
0.039574575	0.08842444	0.029186247	0.84281474
0.022631709	0.1977492	0.0881771	0.691442
0.016571853	0.43062082	0.20974524	0.34306207
0.3648281	0.6089538	0.01632451	0.009893644
0.022384368	0.089784816	0.48268613	0.4051447
0.01570616	0.2522879	0.724091	0.007914915
0.2094979	0.4186248	0.019663617	0.3522137
0.0053178333	0.59262925	0.121691816	0.28036112
0.0009893643	0.023002721	0.80200344	0.17400445
0.191442	0.5184269	0.043779373	0.24635172
0.13974771	0.38189462	0.3925303	0.08582736
0.050704923	0.0053178333	0.9382884	0.0056888447

MOTIF 0_53
letter-probability matrix: alength= 4 w= 12
0.2752827	0.12471729	0.1450727	0.4549273
0.14054927	0.085137315	0.39789984	0.37641358
0.25864297	0.05508885	0.18933764	0.49693054
0.6113086	0.33731824	0.04749596	0.0038772214
0.21001616	0.022617124	0.7638126	0.0035541195
0.015347335	0.1990307	0.73925686	0.046365105
0.23101777	0.0051696287	0.22649434	0.5373182
0.32471728	0.018901454	0.64717287	0.009208401
0.92940223	0.0546042	0.009369952	0.0066235866
0.029725363	0.44394183	0.509693	0.016639741
0.02003231	0.13957997	0.0	0.8403877
0.008239095	0.015185784	0.77512115	0.20145395

MOTIF 0_54
letter-probability matrix: alength= 4 w= 12
0.008256881	0.0001529052	0.8559633	0.13562691
0.36360857	0.5266055	0.028593272	0.08119266
0.17110091	0.2353211	0.21834862	0.37522936
0.66636086	0.04938838	0.2818043	0.0024464831
0.006269113	0.13165137	0.44541284	0.41666666
0.06666667	0.8681957	0.0004587156	0.0646789
0.10214067	0.6221713	0.2056575	0.07003058
0.23440367	0.3996942	0.15825687	0.20764527
0.0051987767	0.9111621	0.01620795	0.06743119
0.11605505	0.020336391	0.06238532	0.8012232
0.21972477	0.24373089	0.06238532	0.47415903
0.5562691	0.0035168196	0.054587156	0.3856269

MOTIF 0_55
letter-probability matrix: alength= 4 w= 12
0.07752085	0.61106896	0.035064444	0.27634573
0.036391206	0.011940864	0.74772555	0.20394237
0.008718726	0.44219106	0.49260804	0.056482185
0.20015164	0.0077710385	0.27350265	0.51857466
0.1650872	0.22251706	0.14404853	0.46834722
0.0015163003	0.23066717	0.73502654	0.032789994
0.0028430629	0.2090599	0.020280516	0.76781654
0.24128127	0.32107657	0.37964368	0.057998482
0.0015163003	0.006823351	0.30686125	0.6847991
0.14329037	0.025018955	0.13362396	0.6980667
0.7211903	0.2636467	0.011940864	0.003222138
0.1328658	0.0058756634	0.6707733	0.19048521

MOTIF 0_56
letter-probability matrix: alength= 4 w= 12
0.21117897	0.3337035	0.122154355	0.33296317
0.55543214	0.1563946	0.09698316	0.19119008
0.7619841	0.20266518	0.019063484	0.016287249
0.026281696	0.72996485	0.20118453	0.042568944
0.26096612	0.009624283	0.20951323	0.5198963
0.9816768	0.0029613178	0.0024060707	0.012955765
0.24375346	0.54340184	0.013140848	0.19970387
0.26836944	0.0829169	0.61040163	0.038312048
0.6505645	0.20414585	0.13548028	0.0098093655
0.008328706	0.40014806	0.14936146	0.44216177
0.47140476	0.00037016472	0.027577272	0.5006478
0.50675553	0.3829354	0.00018508236	0.11012401

MOTIF 0_57
letter-probability matrix: alength= 4 w= 12
0.6106436	0.20730044	0.16750057	0.014555379
0.20093246	0.06515806	0.72196954	0.011939959
0.0376393	0.753582	0.1850125	0.023766205
0.0051171253	0.93017966	0.050943825	0.013759381
0.04559927	0.4829429	0.01489652	0.4565613
0.04525813	0.37252674	0.46918353	0.11303161
0.012281101	0.019331362	0.4607687	0.50761884
0.039345007	0.6816011	0.032181032	0.24687287
0.017398225	0.8993632	0.009324539	0.07391403
0.047987264	0.24095975	0.14441665	0.5666363
0.35148966	0.13941324	0.15533318	0.35376394
0.050943825	0.9108483	0.013531954	0.024675915

MOTIF 0_58
letter-probability matrix: alength= 4 w= 12
0.020105964	0.06249151	0.7170221	0.20038038
0.54992527	0.3067518	0.0017660644	0.14155686
0.002717022	0.88955307	0.10705067	0.0006792555
0.03314767	0.0042113843	0.3739981	0.58864284
0.066702895	0.07634832	0.83643526	0.020513518
0.71376175	0.09020513	0.15880994	0.037223205
0.17266676	0.45754653	0.24344519	0.12634154
0.24548295	0.108273335	0.64529276	0.00095095776
0.32862383	0.053389486	0.24086401	0.37712267
0.24276593	0.14522484	0.59000134	0.022007879
0.8785491	0.008830322	0.008966173	0.10365439
0.42765927	0.050944164	0.3532129	0.16818367

MOTIF 0_59
letter-probability matrix: alength= 4 w= 12
0.0005681818	0.9041193	0.025994318	0.06931818
0.008238636	0.6684659	0.09644886	0.22684659
0.43707386	0.48735794	0.02443182	0.051136363
0.9882102	0.0005681818	0.0065340907	0.0046875
0.034517046	0.81619316	0.119176134	0.030113636
0.09502841	0.8978693	0.005255682	0.0018465909
0.14715908	0.47926137	0.018892046	0.3546875
0.18053977	0.41207385	0.001278409	0.40610796
0.13295455	0.66164774	0.03025568	0.17514205
0.46519887	0.31860796	0.016051136	0.20014204
0.061363637	0.14545454	0.64857954	0.14460227
0.36832386	0.19943182	0.33409092	0.09815341

MOTIF 0_60
letter-probability matrix: alength= 4 w= 12
0.70582944	0.0089960415	0.02986686	0.25530767
0.13350126	0.27293992	0.4292911	0.16426772
0.0030586543	0.6007557	0.33825117	0.057934508
0.04498021	0.511335	0.23155811	0.21212666
0.56189275	0.4057215	0.0048578624	0.027527887
0.0046779416	0.037963297	0.0008996042	0.95645916
0.0008996042	0.04498021	0.89168763	0.06243253
0.13925873	0.265923	0.19593379	0.3988845
0.21788414	0.19737315	0.57574666	0.0089960415
0.007736596	0.020690896	0.17128463	0.8002879
0.20564951	0.03850306	0.111011155	0.64483625
0.23587622	0.668226	0.009355883	0.08654192

MOTIF 0_61
letter-probability matrix: alength= 4 w= 12
0.47143665	0.45602375	0.06716629	0.0053733033
0.2813914	0.13207014	0.44966063	0.13687783
0.008059955	0.3687783	0.52743214	0.09572964
0.033229638	0.33597285	0.5883767	0.042420816
0.005090498	0.8544966	0.0780543	0.062358595
0.18962105	0.0007070136	0.68368214	0.12598982
0.07070136	0.008766969	0.8809389	0.03959276
0.46691176	0.12570702	0.0028280544	0.40455317
0.5914875	0.37174773	0.020361992	0.016402716
0.12627262	0.036199097	0.8218326	0.015695702
0.04058258	0.020644797	0.8704751	0.06829751
0.040723983	0.22016403	0.34233597	0.39677602

MOTIF 0_62
letter-probability matrix: alength= 4 w= 12
0.9313752	0.020303193	0.0	0.0483216
0.22929074	0.05644288	0.6241202	0.090146184
0.67528427	0.004060639	0.07566324	0.24499188
0.46589065	0.49472117	0.038170006	0.0012181917
0.44842988	0.51136976	0.022604223	0.017596101
0.38345966	0.16621548	0.28654575	0.1637791
0.23619382	0.008527341	0.15809421	0.5971846
0.081212774	0.17000541	0.37005955	0.37872225
0.107065514	0.86884135	0.011911208	0.012181916
0.114780724	0.23551705	0.33188954	0.31781268
0.063210614	0.17853275	0.6073362	0.1509204
0.0020303195	0.007985923	0.9653492	0.024634542

MOTIF 0_63
letter-probability matrix: alength= 4 w= 12
0.33792698	0.105702974	0.22313444	0.3332356
0.8925378	0.058789033	0.02125788	0.027415335
0.029614426	0.006597273	0.91834044	0.045447882
0.00014660606	0.0507257	0.9082246	0.040903095
0.047207154	0.8988418	0.028148366	0.025802668
0.3575722	0.6315789	0.006890485	0.003958364
0.05746958	0.18970825	0.46254215	0.29028
0.32517228	0.08385867	0.18501686	0.40595222
0.24424571	0.2392611	0.4807213	0.03577188
0.008796364	0.744319	0.15100425	0.09588037
0.109514736	0.4060988	0.3937839	0.090602554
0.07990031	0.012754728	0.52074474	0.3866002

MOTIF 0_64
letter-probability matrix: alength= 4 w= 12
0.19290826	0.52911514	0.034645412	0.24333116
0.03854912	0.7730969	0.021145089	0.16720885
0.063435264	0.9084255	0.024886142	0.0032530904
0.038711775	0.0	0.81424856	0.14703968
0.033344176	0.00016265453	0.22348732	0.7430059
0.4481132	0.16574496	0.013012362	0.3731295
0.52130777	0.45104098	0.016265452	0.011385816
0.006018217	0.7524398	0.12573195	0.11581002
0.06506181	0.21177618	0.23812622	0.48503578
0.33880937	0.25	0.041964866	0.36922577
0.107026674	0.19404684	0.29538062	0.40354586
0.32433313	0.09791802	0.13744307	0.4403058

MOTIF 0_65
letter-probability matrix: alength= 4 w= 12
0.086082734	0.6724167	0.0695026	0.171998
0.030145705	0.3915592	0.1838888	0.3944063
0.0	0.8082398	0.044716127	0.14704405
0.5890136	0.040194273	0.3523698	0.018422375
0.12594205	0.39943057	0.3992631	0.07536426
0.16027465	0.2890638	0.3277508	0.22291073
0.308826	0.67392397	0.0005024284	0.016747614
0.015742756	0.0	0.106347345	0.8779099
0.27315357	0.0	0.6575113	0.06933512
0.0020097136	0.95746106	0.029978229	0.010550996
0.7916597	0.15307319	0.047060795	0.00820633
0.12761681	0.07469436	0.79768884	0.0

MOTIF 0_66
letter-probability matrix: alength= 4 w= 12
0.04029344	0.5152743	0.0441257	0.40030658
0.5465893	0.049162377	0.38191175	0.022336582
0.05069528	0.8837184	0.055512976	0.01007336
0.30450016	0.015657505	0.46863025	0.21121208
0.08671849	0.53662544	0.22577466	0.15088142
0.23081134	0.029344136	0.3572758	0.38256872
0.033614367	0.13949414	0.084638126	0.74225336
0.2613599	0.025073908	0.61173767	0.10182853
0.018394832	0.6488558	0.04489215	0.28785723
0.11781452	0.041826345	0.68214166	0.15821746
0.026168838	0.86510456	0.061644584	0.04708201
0.69210553	0.04171685	0.1401511	0.1260265

MOTIF 0_67
letter-probability matrix: alength= 4 w= 12
0.22764605	0.00015496668	0.00030993336	0.77188903
0.022315202	0.20548582	0.17805672	0.59414226
0.009143034	0.21912289	0.03362777	0.7381063
0.11219588	0.3520843	0.0119324345	0.5237874
0.0010847668	0.00077483343	0.8645591	0.13358128
0.087866105	0.10909654	0.03610724	0.7669301
0.0018596002	0.12831241	0.44645903	0.423369
0.16039051	0.12753758	0.020300636	0.69177127
0.11808461	0.0018596002	0.3334883	0.5465675
0.0122423675	0.2772354	0.10971641	0.6008058
0.043235704	0.0	0.29428172	0.66248256
